#Creator: pendulumviewEventBuffer
#Creation time: Sun Jan 11 01:39:54 2009
#Time A	Pos A	Time B	Pos B
#[s]	[au]	[s]	[au]
0.025	575	0.050	523
0.076	576	0.100	524
0.126	574	0.152	523
0.177	579	0.202	523
0.227	574	0.253	523
0.279	572	0.303	524
0.329	580	0.354	523
0.380	574	0.405	521
0.430	579	0.456	524
0.481	571	0.506	523
0.532	578	0.557	522
0.583	575	0.607	523
0.633	577	0.659	521
0.684	573	0.709	522
0.734	574	0.760	520
0.786	574	0.810	523
0.836	575	0.861	523
0.887	577	0.911	524
0.937	572	0.963	524
0.988	579	1.014	523
1.038	565	1.064	522
1.090	577	1.115	523
1.140	571	1.165	524
1.191	573	1.217	523
1.241	563	1.267	523
1.292	547	1.318	523
1.343	521	1.368	523
1.394	491	1.419	522
1.444	457	1.470	523
1.495	420	1.521	521
1.545	385	1.571	522
1.597	347	1.622	521
1.647	316	1.672	519
1.698	288	1.724	518
1.748	267	1.774	515
1.799	254	1.825	511
1.849	249	1.875	511
1.901	252	1.926	508
1.951	263	1.976	506
2.002	283	2.028	504
2.052	309	2.078	502
2.103	340	2.129	503
2.154	375	2.179	502
2.205	410	2.230	501
2.255	448	2.281	505
2.306	482	2.332	506
2.356	513	2.382	509
2.408	540	2.433	513
2.458	557	2.483	517
2.509	567	2.535	522
2.559	570	2.585	528
2.610	564	2.636	530
2.660	550	2.686	533
2.712	529	2.737	537
2.762	502	2.787	539
2.813	469	2.839	540
2.863	434	2.889	540
2.914	397	2.940	538
2.965	362	2.990	536
3.016	330	3.041	532
3.066	302	3.092	527
3.117	279	3.143	523
3.167	264	3.193	517
3.219	257	3.244	511
3.269	256	3.294	504
3.320	265	3.346	497
3.370	280	3.396	494
3.421	303	3.447	489
3.471	331	3.497	487
3.523	364	3.548	486
3.573	397	3.598	487
3.624	433	3.650	488
3.674	468	3.700	491
3.725	498	3.751	497
3.776	524	3.801	503
3.827	544	3.852	509
3.878	557	3.903	517
3.928	562	3.954	526
3.979	559	4.004	532
4.030	549	4.055	541
4.081	531	4.105	547
4.131	508	4.157	552
4.182	479	4.207	556
4.232	447	4.258	556
4.284	413	4.308	555
4.334	377	4.359	553
4.385	346	4.409	548
4.435	317	4.461	542
4.486	293	4.511	534
4.536	276	4.562	523
4.588	266	4.612	515
4.638	262	4.663	505
4.689	267	4.714	495
4.739	280	4.765	487
4.790	299	4.815	478
4.841	323	4.866	473
4.892	352	4.916	469
4.942	385	4.968	469
4.993	418	5.018	470
5.043	452	5.069	475
5.095	481	5.119	481
5.145	510	5.170	490
5.196	531	5.220	500
5.246	545	5.272	511
5.297	553	5.322	523
5.347	554	5.373	535
5.399	546	5.423	546
5.449	533	5.474	555
5.500	513	5.525	564
5.550	486	5.576	568
5.601	458	5.626	569
5.652	426	5.677	571
5.703	392	5.727	569
5.753	360	5.779	564
5.804	334	5.829	555
5.854	308	5.880	545
5.906	288	5.930	533
5.956	278	5.981	521
6.007	272	6.031	507
6.057	273	6.083	494
6.108	283	6.133	481
6.158	298	6.184	472
6.210	319	6.234	463
6.260	345	6.285	457
6.311	376	6.336	455
6.361	405	6.387	456
6.412	437	6.437	460
6.463	466	6.488	467
6.514	493	6.538	477
6.564	515	6.590	488
6.615	532	6.640	503
6.665	540	6.691	517
6.717	544	6.741	533
6.767	541	6.792	547
6.818	530	6.842	559
6.868	513	6.894	571
6.919	491	6.945	579
6.969	465	6.995	583
7.021	436	7.046	586
7.071	406	7.096	584
7.122	378	7.148	578
7.172	349	7.198	570
7.223	325	7.249	559
7.274	304	7.299	545
7.325	292	7.350	528
7.375	284	7.401	513
7.426	283	7.452	495
7.476	288	7.502	480
7.528	300	7.553	466
7.578	318	7.603	455
7.629	340	7.655	446
7.679	364	7.705	441
7.730	394	7.756	441
7.780	423	7.806	445
7.832	451	7.857	451
7.882	476	7.907	461
7.933	498	7.959	475
7.983	515	8.009	491
8.034	527	8.060	509
8.085	533	8.110	527
8.136	532	8.161	544
8.186	524	8.212	562
8.237	512	8.263	576
8.287	492	8.313	587
8.339	471	8.364	595
8.389	445	8.414	599
8.440	418	8.466	598
8.490	390	8.516	593
8.541	364	8.567	584
8.591	341	8.617	572
8.643	321	8.668	557
8.693	307	8.718	539
8.744	298	8.770	519
8.794	294	8.820	500
8.845	298	8.871	481
8.896	306	8.921	464
8.947	320	8.972	450
8.997	339	9.023	438
9.048	361	9.074	432
9.098	386	9.124	429
9.150	411	9.175	432
9.200	438	9.225	437
9.251	460	9.277	447
9.301	482	9.327	463
9.352	498	9.378	480
9.402	511	9.428	500
9.454	519	9.479	520
9.504	520	9.529	540
9.555	516	9.581	558
9.605	506	9.631	577
9.656	491	9.682	591
9.707	473	9.732	602
9.758	450	9.783	608
9.808	426	9.834	608
9.859	403	9.885	606
9.909	379	9.935	598
9.961	357	9.986	586
10.011	338	10.036	569
10.062	323	10.088	551
10.112	312	10.138	529
10.163	309	10.189	506
10.214	309	10.239	484
10.265	315	10.290	466
10.315	327	10.340	449
10.366	338	10.392	433
10.416	359	10.442	424
10.467	379	10.493	419
10.518	402	10.543	420
10.569	425	10.594	424
10.619	446	10.645	435
10.670	466	10.696	449
10.720	482	10.746	466
10.772	495	10.797	489
10.822	503	10.847	511
10.873	506	10.899	533
10.923	504	10.949	556
10.974	499	11.000	576
11.025	485	11.050	593
11.076	472	11.101	606
11.126	453	11.151	615
11.177	433	11.203	618
11.227	412	11.253	617
11.278	391	11.304	610
11.329	372	11.354	597
11.380	355	11.405	581
11.431	341	11.456	562
11.481	330	11.507	539
11.532	324	11.557	515
11.583	322	11.608	491
11.634	326	11.658	469
11.684	334	11.710	448
11.735	345	11.760	432
11.785	359	11.811	419
11.837	377	11.861	411
11.887	395	11.912	411
11.938	414	11.962	413
11.988	434	12.014	423
12.039	451	12.064	438
12.089	466	12.115	456
12.141	477	12.165	477
12.191	486	12.216	501
12.242	491	12.267	526
12.292	491	12.318	550
12.343	487	12.368	574
12.394	478	12.419	593
12.445	467	12.469	607
12.495	454	12.521	620
12.546	437	12.571	626
12.596	420	12.622	624
12.648	402	12.672	620
12.698	384	12.723	608
12.749	370	12.774	593
12.799	357	12.825	573
12.850	348	12.875	551
12.900	341	12.926	525
12.952	338	12.976	500
13.002	339	13.027	475
13.053	344	13.078	452
13.103	352	13.129	433
13.154	363	13.179	418
13.205	376	13.230	408
13.256	392	13.280	403
13.306	407	13.332	406
13.357	422	13.382	413
13.407	437	13.433	426
13.459	450	13.483	444
13.509	461	13.534	466
13.560	469	13.585	490
13.610	474	13.636	516
13.661	476	13.686	542
13.711	474	13.737	567
13.763	468	13.787	590
13.813	460	13.838	607
13.864	450	13.889	621
13.914	437	13.940	629
13.965	425	13.990	632
14.016	410	14.041	627
14.067	396	14.091	618
14.117	384	14.143	604
14.168	373	14.193	585
14.218	364	14.244	562
14.270	358	14.294	537
14.320	353	14.345	509
14.371	354	14.396	482
14.421	356	14.447	457
14.472	361	14.498	437
14.522	368	14.548	419
14.574	379	14.599	406
14.624	390	14.649	400
14.675	402	14.701	400
14.725	414	14.751	406
14.776	426	14.802	416
14.827	436	14.852	434
14.878	446	14.903	454
14.928	453	14.954	479
14.979	457	15.005	506
15.029	459	15.055	533
15.081	460	15.106	560
15.131	457	15.156	583
15.182	450	15.208	604
15.232	445	15.258	620
15.283	436	15.309	630
15.334	426	15.359	634
15.385	415	15.410	634
15.435	405	15.460	627
15.486	396	15.512	612
15.536	387	15.562	594
15.587	381	15.613	572
15.638	375	15.663	547
15.689	371	15.714	519
15.739	370	15.765	493
15.790	371	15.816	466
15.840	374	15.866	443
15.892	379	15.917	423
15.942	385	15.967	408
15.993	392	16.019	400
16.043	400	16.069	397
16.094	408	16.120	398
16.145	416	16.170	409
16.196	425	16.221	424
16.246	432	16.271	445
16.297	436	16.323	468
16.347	440	16.373	495
16.398	443	16.424	523
16.449	443	16.474	549
16.500	443	16.525	574
16.550	440	16.576	598
16.601	436	16.627	617
16.651	430	16.677	627
16.703	425	16.728	634
16.753	418	16.778	636
16.804	412	16.830	631
16.854	405	16.880	619
16.905	399	16.931	601
16.956	395	16.981	582
17.007	392	17.032	557
17.057	389	17.082	530
17.108	386	17.134	502
17.158	386	17.184	474
17.209	387	17.235	450
17.260	389	17.285	430
17.311	392	17.336	412
17.361	396	17.387	400
17.412	401	17.438	396
17.462	404	17.488	397
17.514	410	17.539	404
17.564	414	17.589	418
17.615	418	17.641	436
17.665	422	17.691	459
17.716	424	17.742	484
17.767	427	17.792	512
17.818	427	17.843	540
17.868	427	17.894	566
17.919	426	17.945	590
17.969	425	17.995	608
18.020	422	18.046	623
18.071	420	18.096	634
18.122	417	18.147	637
18.173	414	18.198	634
18.223	412	18.249	623
18.274	409	18.299	609
18.325	407	18.350	591
18.376	406	18.400	567
18.426	402	18.452	541
18.477	403	18.502	513
18.527	402	18.553	485
18.579	402	18.603	459
18.629	402	18.654	437
18.680	403	18.705	419
18.730	405	18.756	407
18.781	404	18.806	398
18.831	406	18.857	397
18.883	406	18.907	402
18.933	408	18.958	414
18.984	409	19.009	430
19.034	410	19.060	451
19.085	410	19.110	475
19.136	412	19.161	502
19.187	411	19.211	529
19.237	411	19.263	555
19.288	413	19.313	580
19.338	412	19.364	602
19.390	413	19.414	617
19.440	414	19.465	628
19.491	414	19.516	634
19.541	414	19.567	633
19.592	416	19.617	625
19.642	416	19.668	612
19.694	416	19.718	596
19.744	416	19.769	574
19.795	416	19.820	549
19.845	416	19.871	523
19.896	416	19.921	496
19.947	416	19.972	471
19.998	415	20.022	448
20.048	413	20.074	428
20.099	411	20.124	413
20.149	410	20.175	403
20.201	407	20.225	401
20.251	406	20.276	403
20.302	403	20.327	411
20.352	401	20.378	425
20.403	401	20.428	444
20.454	399	20.479	467
20.505	398	20.529	492
20.555	398	20.580	519
20.606	400	20.631	545
20.656	400	20.682	570
20.707	402	20.732	591
20.758	404	20.783	609
20.809	407	20.833	623
20.859	410	20.885	629
20.910	414	20.935	630
20.960	417	20.986	625
21.012	420	21.036	616
21.062	424	21.087	600
21.113	426	21.138	580
21.163	428	21.189	558
21.214	428	21.240	533
21.265	429	21.290	506
21.316	427	21.341	481
21.366	426	21.391	457
21.417	423	21.443	437
21.467	419	21.493	421
21.518	415	21.544	410
21.569	410	21.594	406
21.620	406	21.645	405
21.670	401	21.696	412
21.721	394	21.747	423
21.771	393	21.797	440
21.823	389	21.848	461
21.873	387	21.898	485
21.924	386	21.950	510
21.974	387	22.000	535
22.025	388	22.051	559
22.076	390	22.101	580
22.127	395	22.152	599
22.177	399	22.202	614
22.228	405	22.254	622
22.278	411	22.304	625
22.329	417	22.355	624
22.380	424	22.405	615
22.431	427	22.456	603
22.481	434	22.507	585
22.532	438	22.558	564
22.582	440	22.608	542
22.634	442	22.659	517
22.684	440	22.709	491
22.735	437	22.761	468
22.785	434	22.811	449
22.836	428	22.862	432
22.887	422	22.912	419
22.938	416	22.963	411
22.988	407	23.014	411
23.039	400	23.065	415
23.089	392	23.115	424
23.140	386	23.166	438
23.191	381	23.216	455
23.242	377	23.267	477
23.292	374	23.318	502
23.343	374	23.369	525
23.393	375	23.419	548
23.445	379	23.470	570
23.495	384	23.520	588
23.546	391	23.572	603
23.596	398	23.622	615
23.647	406	23.673	617
23.698	415	23.723	618
23.749	424	23.774	612
23.799	433	23.825	602
23.850	439	23.876	587
23.900	445	23.926	569
23.951	449	23.977	547
24.002	452	24.027	526
24.053	450	24.078	503
24.103	448	24.129	479
24.154	444	24.180	458
24.204	437	24.230	442
24.256	430	24.281	429
24.306	421	24.331	420
24.357	411	24.383	417
24.407	400	24.433	419
24.458	393	24.484	426
24.509	382	24.534	439
24.560	374	24.585	454
24.610	369	24.636	472
24.661	366	24.687	493
24.711	364	24.737	516
24.762	364	24.788	538
24.813	368	24.838	558
24.864	373	24.889	576
24.914	381	24.940	592
24.965	389	24.991	603
25.015	400	25.041	610
25.067	412	25.092	611
25.117	422	25.142	608
25.168	433	25.194	600
25.218	443	25.244	587
25.269	450	25.295	571
25.320	456	25.345	552
25.371	460	25.396	532
25.421	461	25.447	510
25.472	460	25.498	492
25.522	455	25.548	471
25.574	448	25.599	454
25.624	439	25.649	440
25.675	429	25.700	431
25.725	418	25.751	427
25.776	405	25.802	427
25.826	393	25.852	431
25.878	383	25.903	440
25.928	372	25.953	453
25.979	363	26.005	469
26.029	357	26.055	489
26.080	354	26.106	509
26.131	354	26.156	529
26.182	357	26.207	548
26.232	363	26.258	566
26.283	371	26.309	580
26.333	381	26.359	591
26.385	393	26.410	599
26.435	407	26.460	602
26.486	420	26.511	602
26.536	432	26.562	596
26.587	444	26.613	586
26.637	455	26.663	572
26.689	463	26.714	556
26.739	468	26.764	538
26.790	471	26.816	520
26.840	469	26.866	500
26.891	465	26.917	482
26.942	458	26.967	466
26.993	450	27.018	452
27.043	437	27.069	442
27.094	424	27.120	438
27.144	409	27.170	434
27.196	396	27.221	438
27.246	383	27.271	445
27.297	369	27.322	455
27.347	360	27.373	469
27.398	352	27.424	484
27.448	347	27.474	502
27.500	346	27.525	519
27.550	347	27.575	539
27.601	353	27.627	555
27.651	361	27.677	569
27.702	372	27.728	581
27.753	385	27.778	589
27.804	400	27.829	592
27.854	415	27.880	593
27.905	430	27.931	589
27.955	444	27.981	581
28.007	455	28.032	571
28.057	466	28.082	558
28.108	473	28.134	543
28.158	477	28.184	525
28.209	478	28.235	510
28.259	474	28.285	491
28.311	468	28.336	477
28.361	459	28.386	464
28.412	446	28.438	455
28.462	433	28.488	448
28.513	416	28.539	445
28.564	400	28.589	446
28.615	385	28.640	451
28.665	370	28.691	460
28.716	358	28.742	469
28.766	348	28.792	483
28.818	342	28.843	497
28.868	339	28.893	513
28.919	339	28.945	529
28.969	343	28.995	544
29.020	352	29.046	556
29.070	363	29.096	568
29.122	376	29.147	576
29.172	391	29.197	582
29.223	409	29.249	583
29.273	425	29.299	581
29.324	441	29.350	574
29.375	456	29.400	567
29.426	468	29.451	559
29.476	477	29.502	543
29.527	483	29.553	530
29.577	485	29.603	515
29.629	482	29.654	501
29.679	478	29.704	488
29.730	468	29.756	476
29.780	455	29.806	467
29.831	441	29.857	461
29.881	424	29.907	457
29.933	407	29.958	456
29.983	389	30.008	458
30.034	373	30.060	464
30.084	358	30.110	473
30.135	346	30.161	484
30.186	339	30.211	495
30.237	334	30.262	508
30.287	333	30.313	522
30.338	336	30.364	535
30.388	344	30.414	547
30.440	354	30.465	557
30.490	369	30.515	563
30.541	384	30.567	570
30.591	402	30.617	572
30.642	418	30.668	570
30.692	437	30.718	567
30.744	453	30.769	562
30.795	467	30.819	552
30.845	478	30.871	543
30.896	485	30.921	532
30.946	490	30.972	521
30.998	489	31.022	508
31.048	484	31.073	498
31.099	475	31.124	488
31.149	464	31.175	478
31.200	448	31.225	472
31.251	431	31.276	469
31.302	413	31.326	467
31.352	395	31.378	469
31.403	377	31.428	473
31.453	361	31.479	478
31.505	347	31.529	486
31.555	337	31.580	494
31.606	331	31.630	505
31.656	329	31.682	517
31.707	330	31.732	527
31.757	336	31.783	536
31.809	348	31.833	545
31.859	358	31.884	552
31.910	375	31.935	557
31.960	394	31.986	560
32.011	413	32.036	560
32.062	431	32.087	558
32.113	448	32.137	555
32.163	465	32.189	549
32.214	478	32.239	541
32.264	488	32.290	535
32.316	492	32.340	523
32.366	493	32.391	514
32.417	490	32.441	505
32.467	483	32.493	498
32.518	470	32.543	490
32.568	455	32.594	485
32.620	440	32.644	481
32.670	420	32.695	479
32.721	401	32.746	480
32.771	382	32.797	481
32.822	364	32.847	485
32.873	350	32.898	490
32.924	338	32.948	497
32.974	329	33.000	504
33.025	326	33.050	513
33.075	326	33.101	520
33.127	331	33.151	528
33.177	340	33.202	535
33.228	352	33.252	541
33.278	367	33.304	545
33.329	387	33.354	547
33.379	405	33.405	549
33.431	426	33.455	548
33.481	444	33.506	546
33.532	460	33.557	541
33.582	475	33.608	538
33.633	486	33.658	532
33.684	493	33.709	525
33.735	496	33.760	519
33.785	494	33.811	513
33.836	487	33.862	507
33.886	477	33.912	500
33.938	462	33.963	496
33.988	447	34.013	493
34.039	428	34.065	491
34.089	409	34.115	492
34.140	389	34.166	492
34.190	370	34.216	493
34.242	354	34.267	496
34.292	340	34.317	501
34.343	331	34.369	506
34.393	325	34.419	512
34.444	324	34.470	518
34.495	328	34.520	521
34.546	336	34.571	526
34.596	346	34.622	530
34.647	362	34.673	533
34.697	379	34.723	536
34.749	398	34.774	535
34.799	418	34.824	536
34.850	437	34.876	536
34.900	455	34.926	534
34.951	471	34.977	531
35.001	483	35.027	529
35.053	492	35.078	524
35.103	496	35.128	521
35.154	495	35.180	516
35.204	491	35.230	512
35.255	482	35.281	510
35.306	468	35.331	507
35.357	453	35.382	505
35.407	435	35.433	503
35.458	416	35.484	503
35.508	396	35.534	503
35.560	377	35.585	503
35.610	360	35.635	505
35.661	345	35.687	508
35.711	333	35.737	510
35.762	326	35.788	512
35.812	324	35.838	514
35.864	326	35.889	517
35.914	332	35.939	519
35.965	342	35.991	521
36.015	356	36.041	523
36.066	372	36.092	524
36.117	391	36.142	524
36.168	411	36.193	525
36.218	430	36.244	525
36.269	450	36.295	523
36.319	465	36.345	524
36.371	479	36.396	522
36.421	489	36.446	521
36.472	494	36.498	519
36.522	496	36.548	519
36.573	493	36.599	517
36.623	484	36.649	517
36.675	474	36.700	515
36.725	459	36.750	515
36.776	441	36.802	515
36.826	423	36.852	514
36.877	403	36.903	515
36.928	384	36.953	515
36.979	366	37.004	516
37.030	351	37.055	513
37.080	338	37.106	514
37.131	330	37.156	515
37.182	325	37.207	514
37.233	326	37.257	515
37.283	331	37.309	514
37.334	339	37.359	515
37.384	352	37.410	514
37.436	367	37.460	515
37.486	385	37.511	515
37.537	404	37.561	515
37.587	424	37.613	513
37.638	442	37.663	515
37.688	459	37.714	515
37.740	473	37.764	516
37.790	484	37.815	517
37.841	491	37.866	518
37.891	494	37.917	519
37.942	492	37.967	521
37.993	486	38.018	522
38.044	477	38.068	522
38.094	462	38.120	523
38.145	447	38.170	522
38.195	430	38.221	524
38.247	411	38.271	523
38.297	391	38.322	524
38.348	373	38.372	522
38.398	358	38.424	521
38.449	344	38.474	519
38.499	336	38.525	517
38.551	330	38.575	514
38.601	328	38.626	513
38.652	331	38.677	510
38.702	339	38.728	509
38.753	349	38.778	507
38.804	363	38.829	506
38.855	380	38.879	506
38.905	398	38.931	506
38.956	417	38.981	506
39.006	435	39.032	506
39.058	452	39.082	509
39.108	466	39.133	512
39.159	478	39.183	514
39.209	485	39.235	517
39.260	491	39.285	520
39.310	490	39.336	523
39.362	487	39.386	526
39.412	478	39.437	528
39.463	466	39.488	529
39.513	452	39.539	531
39.564	435	39.589	532
39.615	417	39.640	532
39.666	398	39.690	531
39.716	380	39.742	530
39.767	365	39.792	527
39.817	351	39.843	524
39.869	341	39.893	520
39.919	333	39.944	516
39.970	332	39.994	512
40.020	335	40.046	508
40.071	339	40.097	506
40.121	347	40.147	502
40.173	360	40.198	499
40.223	375	40.248	497
40.274	393	40.300	497
40.324	409	40.350	498
40.375	427	40.401	499
40.426	444	40.451	502
40.477	459	40.502	505
40.527	471	40.553	508
40.578	480	40.604	513
40.628	485	40.654	519
40.680	488	40.705	523
40.730	484	40.755	528
40.781	478	40.807	532
40.831	467	40.857	536
40.882	456	40.908	538
40.932	439	40.958	538
40.984	422	41.009	540
41.034	406	41.059	539
41.085	388	41.111	536
41.135	373	41.161	534
41.186	359	41.212	528
41.237	348	41.262	525
41.288	340	41.313	518
41.338	337	41.364	513
41.389	336	41.415	508
41.439	342	41.465	503
41.491	348	41.516	497
41.541	358	41.566	494
41.592	372	41.618	491
41.642	387	41.668	490
41.693	404	41.719	490
41.743	420	41.769	492
41.795	436	41.820	495
41.845	451	41.870	499
41.896	463	41.922	504
41.946	474	41.972	510
41.997	479	42.023	515
42.048	482	42.073	523
42.099	481	42.124	527
42.149	476	42.175	534
42.200	468	42.226	539
42.250	457	42.276	543
42.302	443	42.327	545
42.352	428	42.377	548
42.403	411	42.429	546
42.453	396	42.479	544
42.504	381	42.530	540
42.554	368	42.580	535
42.606	356	42.631	529
42.656	347	42.681	523
42.707	343	42.733	515
42.757	340	42.783	508
42.808	344	42.834	501
42.859	349	42.884	495
42.910	359	42.935	491
42.960	371	42.986	486
43.011	384	43.037	484
43.061	399	43.087	484
43.113	414	43.138	484
43.163	429	43.188	487
43.214	444	43.240	491
43.264	455	43.290	498
43.315	466	43.341	504
43.366	473	43.391	512
43.417	477	43.442	520
43.467	476	43.492	528
43.518	473	43.544	535
43.568	465	43.594	543
43.619	457	43.645	547
43.670	445	43.695	552
43.721	432	43.746	553
43.771	416	43.797	553
43.822	402	43.848	551
43.872	387	43.898	547
43.924	375	43.949	542
43.974	363	43.999	535
44.025	356	44.051	527
44.075	350	44.101	519
44.126	348	44.152	510
44.177	349	44.202	503
44.228	353	44.253	495
44.278	360	44.303	488
44.329	370	44.355	482
44.379	382	44.405	479
44.430	394	44.456	478
44.481	407	44.506	478
44.532	422	44.557	480
44.583	436	44.608	485
44.633	449	44.659	492
44.684	457	44.709	499
44.735	466	44.760	508
44.786	469	44.810	518
44.836	471	44.862	526
44.887	468	44.912	535
44.937	463	44.963	542
44.989	456	45.013	550
45.039	447	45.064	555
45.090	435	45.114	558
45.140	420	45.166	558
45.191	408	45.216	557
45.241	395	45.267	554
45.293	383	45.317	548
45.343	372	45.368	541
45.394	364	45.419	534
45.444	358	45.470	523
45.495	355	45.520	514
45.546	354	45.571	504
45.597	357	45.621	494
45.647	363	45.673	487
45.698	371	45.723	480
45.748	381	45.774	474
45.800	392	45.824	473
45.850	404	45.875	472
45.901	416	45.926	475
45.951	430	45.977	479
46.002	441	46.027	486
46.052	449	46.078	493
46.104	457	46.128	503
46.154	461	46.179	513
46.205	462	46.230	524
46.255	462	46.281	534
46.306	459	46.331	543
46.357	453	46.382	550
46.408	445	46.432	557
46.458	435	46.484	561
46.509	424	46.534	564
46.559	412	46.585	562
46.611	402	46.635	559
46.661	390	46.686	553
46.712	380	46.737	547
46.762	372	46.788	538
46.813	367	46.838	528
46.863	363	46.889	517
46.915	362	46.939	507
46.965	363	46.990	496
47.016	367	47.041	486
47.066	373	47.092	479
47.117	381	47.142	473
47.168	391	47.193	470
47.219	402	47.243	468
47.269	413	47.295	469
47.320	422	47.345	474
47.370	432	47.396	480
47.422	441	47.446	488
47.472	448	47.497	498
47.523	453	47.548	509
47.573	456	47.599	520
47.624	455	47.650	531
47.674	453	47.700	540
47.726	449	47.751	551
47.776	443	47.801	558
47.827	435	47.853	563
47.877	425	47.903	566
47.928	417	47.954	566
47.979	406	48.004	565
48.030	397	48.055	559
48.080	387	48.106	553
48.131	381	48.157	543
48.181	375	48.207	534
48.233	371	48.258	522
48.283	369	48.308	510
48.334	370	48.360	497
48.384	373	48.410	487
48.435	377	48.461	478
48.486	384	48.511	471
48.537	390	48.562	468
48.587	400	48.612	464
48.638	409	48.664	465
48.688	417	48.714	468
48.739	425	48.765	475
48.790	433	48.815	482
48.841	440	48.866	493
48.891	444	48.917	503
48.942	447	48.968	516
48.992	448	49.018	526
49.044	447	49.069	539
49.094	444	49.119	548
49.145	440	49.171	559
49.195	432	49.221	564
49.246	427	49.272	569
49.297	417	49.322	569
49.348	411	49.373	569
49.398	401	49.423	563
49.449	394	49.475	558
49.499	388	49.525	549
49.550	383	49.576	538
49.601	380	49.626	527
49.652	378	49.677	513
49.702	378	49.728	502
49.753	379	49.779	490
49.803	383	49.829	481
49.855	388	49.880	472
49.905	392	49.930	467
49.956	399	49.982	463
50.006	406	50.032	463
50.057	412	50.083	465
50.108	419	50.133	470
50.159	426	50.184	478
50.209	431	50.234	485
50.260	436	50.286	499
50.310	438	50.336	511
50.361	440	50.387	524
50.412	439	50.437	536
50.463	438	50.488	547
50.513	434	50.539	557
50.564	431	50.590	564
50.614	425	50.640	569
50.666	419	50.691	571
50.716	412	50.741	571
50.767	406	50.793	567
50.817	402	50.843	562
50.868	396	50.894	553
50.919	391	50.944	543
50.970	389	50.995	531
51.020	386	51.046	519
51.071	385	51.097	506
51.121	386	51.147	494
51.172	389	51.198	483
51.223	392	51.248	474
51.274	396	51.299	467
51.325	400	51.350	463
51.375	405	51.401	461
51.426	411	51.451	463
51.477	415	51.502	468
51.528	420	51.552	474
51.578	424	51.604	485
51.629	427	51.654	493
51.679	430	51.705	507
51.731	431	51.755	520
51.781	432	51.806	531
51.832	430	51.857	543
51.882	428	51.908	554
51.933	426	51.958	562
51.983	423	52.009	569
52.035	418	52.059	572
52.085	414	52.110	571
52.136	410	52.161	570
52.186	406	52.212	565
52.237	402	52.262	557
52.288	399	52.313	547
52.339	397	52.363	537
52.389	395	52.415	523
52.440	395	52.465	511
52.490	393	52.516	498
52.542	395	52.566	487
52.592	397	52.617	476
52.643	399	52.668	469
52.693	402	52.719	463
52.744	405	52.769	461
52.794	409	52.820	462
52.846	412	52.870	464
52.896	415	52.921	472
52.947	417	52.972	479
52.997	420	53.023	490
53.048	421	53.073	501
53.099	423	53.124	514
53.150	424	53.174	527
53.200	422	53.226	539
53.251	421	53.276	552
53.301	421	53.327	559
53.353	418	53.377	566
53.403	416	53.428	570
53.454	414	53.479	572
53.504	412	53.530	571
53.555	409	53.580	567
53.606	407	53.631	559
53.657	405	53.681	551
53.707	404	53.732	540
53.758	404	53.783	528
53.808	403	53.834	515
53.859	404	53.884	503
53.910	402	53.935	490
53.961	403	53.985	480
54.011	405	54.037	471
54.062	405	54.087	467
54.112	407	54.138	461
54.164	408	54.188	461
54.214	410	54.239	463
54.265	412	54.290	469
54.315	413	54.341	478
54.366	414	54.392	486
54.417	415	54.442	497
54.468	414	54.493	510
54.518	415	54.543	523
54.569	414	54.595	535
54.619	414	54.645	546
54.670	414	54.696	555
54.721	414	54.746	563
54.772	414	54.797	569
54.822	413	54.848	570
54.873	412	54.899	571
54.923	410	54.949	566
54.975	411	55.000	561
55.025	410	55.050	552
55.076	408	55.102	544
55.126	410	55.152	530
55.177	410	55.203	519
55.228	409	55.253	507
55.279	411	55.304	495
55.329	410	55.354	485
55.380	409	55.406	475
55.430	411	55.456	469
55.481	410	55.507	464
55.532	411	55.557	463
55.583	410	55.608	464
55.633	410	55.659	468
55.684	410	55.710	475
55.734	409	55.760	484
55.786	408	55.811	494
55.836	411	55.861	505
55.887	408	55.913	518
55.937	408	55.963	530
55.988	409	56.014	543
56.039	409	56.064	551
56.090	410	56.115	560
56.140	410	56.166	564
56.191	410	56.217	567
56.241	411	56.267	569
56.292	412	56.318	567
56.343	413	56.368	561
56.394	414	56.419	555
56.444	414	56.470	545
56.495	414	56.521	534
56.545	415	56.571	524
56.597	416	56.622	512
56.647	414	56.672	499
56.698	416	56.724	489
56.748	415	56.774	480
56.799	412	56.825	473
56.850	412	56.875	469
56.901	410	56.926	465
56.951	410	56.977	467
57.002	407	57.028	469
57.052	407	57.078	475
57.103	405	57.129	482
57.154	404	57.179	492
57.205	403	57.230	502
57.255	404	57.281	514
57.306	402	57.332	526
57.356	403	57.382	536
57.408	405	57.433	547
57.458	406	57.483	554
57.509	408	57.535	562
57.559	409	57.585	564
57.610	412	57.636	566
57.661	414	57.686	565
57.712	415	57.737	561
57.762	418	57.788	555
57.813	419	57.839	548
57.863	419	57.889	538
57.914	421	57.940	527
57.965	421	57.990	515
58.016	421	58.041	505
58.066	419	58.092	494
58.117	418	58.143	484
58.167	416	58.193	478
58.219	414	58.244	472
58.269	412	58.294	468
58.320	409	58.346	468
58.370	406	58.396	471
58.421	404	58.447	475
58.472	403	58.497	480
58.523	402	58.548	490
58.573	399	58.599	499
58.624	398	58.650	510
58.674	399	58.700	521
58.726	399	58.751	533
58.776	400	58.801	542
58.827	403	58.852	550
58.877	404	58.903	557
58.928	408	58.954	561
58.978	410	59.004	563
59.030	413	59.055	563
59.080	417	59.105	560
59.131	419	59.157	555
59.181	421	59.207	548
59.232	424	59.258	539
59.283	424	59.308	529
59.334	425	59.359	519
59.384	425	59.410	508
59.435	424	59.461	500
59.485	422	59.511	489
59.537	420	59.562	482
59.587	418	59.612	478
59.638	414	59.663	472
59.688	411	59.714	472
59.739	406	59.765	473
59.789	404	59.815	476
59.841	401	59.866	481
59.891	397	59.916	489
59.942	396	59.968	498
59.992	395	60.018	508
60.043	394	60.069	518
60.094	395	60.119	526
60.145	396	60.170	537
60.195	399	60.221	545
60.246	402	60.272	551
60.296	405	60.322	557
60.348	409	60.373	559
60.398	413	60.423	560
60.449	416	60.474	557
60.499	420	60.525	554
60.550	424	60.576	548
60.600	426	60.626	540
60.652	428	60.677	531
60.702	428	60.727	523
60.753	429	60.779	512
60.803	428	60.829	504
60.854	426	60.880	495
60.905	423	60.930	487
60.956	421	60.981	481
61.006	416	61.032	478
61.057	412	61.083	476
61.107	408	61.133	475
61.159	403	61.184	478
61.209	399	61.234	483
61.260	396	61.286	490
61.310	394	61.336	495
61.361	392	61.387	505
61.411	391	61.437	514
61.463	391	61.488	522
61.513	392	61.538	533
61.564	395	61.590	541
61.614	398	61.640	548
61.665	401	61.691	551
61.716	406	61.741	554
61.767	411	61.792	556
61.817	415	61.843	555
61.868	420	61.894	552
61.918	424	61.944	547
61.970	427	61.995	541
62.020	431	62.045	533
62.071	432	62.097	526
62.121	432	62.147	517
62.172	432	62.198	507
62.222	430	62.248	500
62.274	428	62.299	493
62.324	423	62.349	487
62.375	419	62.401	483
62.425	415	62.451	480
62.476	409	62.502	480
62.527	405	62.552	481
62.578	399	62.603	484
62.628	395	62.654	490
62.679	391	62.705	496
62.729	389	62.755	504
62.781	388	62.806	512
62.831	388	62.856	519
62.882	389	62.908	528
62.932	391	62.958	535
62.983	395	63.009	541
63.033	400	63.059	546
63.085	404	63.110	549
63.135	409	63.160	551
63.186	415	63.212	551
63.236	419	63.262	549
63.287	426	63.313	546
63.339	428	63.363	540
63.389	432	63.414	534
63.440	435	63.465	527
63.490	435	63.516	520
63.541	434	63.566	512
63.592	433	63.617	504
63.643	430	63.667	497
63.693	427	63.719	492
63.744	422	63.769	487
63.794	417	63.820	485
63.846	411	63.870	484
63.896	405	63.921	484
63.947	400	63.971	488
63.997	394	64.023	492
64.048	391	64.073	496
64.098	388	64.124	502
64.150	385	64.174	511
64.200	385	64.225	518
64.251	385	64.276	524
64.301	388	64.327	531
64.352	391	64.377	536
64.403	396	64.428	541
64.454	401	64.478	545
64.504	406	64.530	547
64.555	411	64.580	546
64.605	419	64.631	545
64.657	424	64.681	542
64.707	428	64.732	539
64.758	433	64.782	534
64.808	436	64.834	528
64.859	437	64.884	521
64.909	437	64.935	514
64.961	436	64.985	508
65.011	434	65.036	502
65.062	429	65.087	497
65.112	425	65.138	493
65.163	420	65.188	490
65.214	413	65.239	490
65.265	406	65.289	488
65.315	402	65.341	491
65.366	395	65.391	493
65.416	390	65.442	497
65.468	386	65.492	502
65.518	385	65.543	508
65.569	384	65.593	515
65.619	384	65.645	521
65.670	385	65.695	527
65.720	389	65.746	532
65.772	394	65.796	536
65.822	398	65.847	539
65.873	404	65.898	541
65.923	411	65.949	541
65.974	416	65.999	540
66.025	423	66.050	538
66.076	428	66.100	537
66.126	433	66.152	533
66.177	437	66.202	528
66.227	438	66.253	523
66.279	440	66.303	517
66.329	438	66.354	513
66.380	437	66.404	507
66.430	433	66.456	502
66.481	428	66.507	498
66.531	421	66.557	496
66.583	415	66.608	494
66.633	409	66.658	493
66.684	402	66.710	494
66.734	396	66.760	497
66.785	390	66.811	500
66.836	387	66.861	504
66.887	384	66.912	509
66.937	382	66.963	512
66.988	382	67.014	518
67.038	384	67.064	523
67.090	385	67.115	526
67.140	391	67.165	532
67.191	395	67.217	533
67.241	402	67.267	536
67.292	408	67.318	538
67.342	414	67.368	537
67.394	422	67.419	536
67.444	427	67.469	534
67.495	432	67.521	530
67.545	436	67.571	527
67.596	439	67.622	522
67.647	439	67.672	518
67.698	439	67.723	514
67.748	438	67.774	510
67.799	434	67.825	506
67.849	430	67.875	502
67.901	425	67.926	501
67.951	417	67.976	500
68.002	412	68.028	499
68.052	405	68.078	500
68.103	398	68.129	500
68.153	392	68.179	503
68.205	388	68.230	505
68.255	384	68.280	509
68.306	381	68.332	512
68.356	382	68.382	516
68.407	383	68.433	519
68.458	385	68.483	524
68.509	389	68.534	527
68.559	394	68.585	529
68.610	400	68.636	530
68.660	406	68.686	531
68.712	412	68.737	531
68.762	419	68.787	531
68.813	426	68.839	531
68.863	431	68.889	527
68.914	435	68.940	525
68.964	439	68.990	522
69.016	440	69.041	520
69.066	441	69.091	517
69.117	439	69.143	513
69.167	436	69.193	511
69.218	432	69.244	508
69.269	426	69.294	506
69.320	420	69.345	504
69.370	414	69.396	505
69.421	406	69.447	504
69.471	399	69.497	505
69.523	393	69.548	506
69.573	389	69.598	508
69.624	385	69.650	510
69.674	383	69.700	513
69.725	380	69.751	515
69.775	381	69.801	517
69.827	384	69.852	520
69.877	388	69.902	523
69.928	393	69.954	525
69.978	398	70.004	526
70.029	405	70.055	527
70.080	410	70.105	526
70.131	418	70.156	527
70.182	424	70.207	526
70.232	430	70.258	524
70.283	434	70.308	523
70.334	438	70.359	521
70.385	439	70.409	519
70.435	441	70.461	517
70.486	440	70.511	515
70.536	437	70.562	513
70.588	433	70.612	512
70.638	428	70.663	510
70.689	421	70.713	509
70.739	416	70.765	509
70.790	409	70.815	509
70.840	403	70.866	509
70.892	396	70.916	511
70.942	391	70.967	512
70.993	386	71.018	513
71.043	384	71.069	515
71.094	383	71.119	516
71.145	382	71.170	517
71.196	383	71.220	518
71.246	385	71.272	520
71.297	391	71.322	521
71.347	395	71.373	522
71.399	402	71.423	523
71.449	409	71.474	522
71.500	415	71.524	521
71.550	421	71.576	521
71.601	428	71.626	521
71.651	433	71.677	520
71.703	437	71.727	519
71.753	440	71.778	519
71.804	440	71.829	517
71.854	439	71.880	515
71.905	438	71.930	517
71.956	434	71.981	515
72.007	429	72.031	514
72.057	424	72.083	513
72.108	417	72.133	515
72.158	409	72.184	512
72.210	404	72.234	514
72.260	398	72.285	514
72.311	393	72.335	515
72.361	387	72.387	515
72.412	384	72.437	516
72.462	383	72.488	516
72.514	383	72.538	516
72.564	384	72.589	518
72.615	387	72.640	517
72.665	391	72.691	518
72.716	394	72.741	517
72.767	401	72.792	519
72.818	407	72.842	518
72.868	413	72.894	518
72.919	420	72.944	516
72.969	426	72.995	518
73.021	430	73.045	516
73.071	434	73.096	518
73.122	436	73.146	517
73.172	438	73.198	516
73.223	437	73.249	517
73.273	436	73.299	517
73.325	434	73.350	516
73.375	429	73.400	517
73.426	426	73.452	517
73.476	418	73.502	517
73.527	413	73.553	519
73.578	406	73.603	517
73.629	401	73.654	518
73.679	395	73.705	517
73.730	391	73.756	517
73.780	387	73.806	516
73.832	385	73.857	516
73.882	383	73.907	516
73.933	385	73.959	515
73.983	387	74.009	517
74.034	390	74.060	515
74.084	394	74.110	515
74.136	399	74.161	515
74.186	405	74.211	515
74.237	412	74.263	515
74.287	418	74.313	516
74.338	423	74.364	515
74.389	427	74.414	515
74.440	431	74.465	515
74.490	434	74.516	517
74.541	437	74.567	516
74.591	436	74.617	517
74.643	436	74.668	518
74.693	433	74.718	519
74.744	429	74.770	519
74.794	423	74.820	519
74.845	420	74.871	521
74.895	414	74.921	520
74.947	408	74.972	520
74.997	403	75.022	519
75.048	398	75.074	519
75.098	393	75.124	518
75.149	390	75.175	517
75.200	388	75.225	517
75.251	387	75.276	516
75.301	386	75.327	515
75.352	387	75.378	513
75.402	391	75.428	515
75.454	395	75.479	512
75.504	399	75.529	513
75.555	404	75.581	513
75.605	410	75.631	513
75.656	414	75.682	512
75.706	420	75.732	514
75.758	425	75.783	515
75.808	428	75.833	516
75.859	432	75.885	517
75.909	434	75.935	516
75.960	433	75.986	518
76.011	435	76.036	520
76.062	433	76.087	522
76.112	429	76.138	521
76.163	424	76.189	522
76.213	420	76.239	522
76.265	416	76.290	521
76.315	409	76.340	522
76.366	405	76.392	521
76.416	401	76.442	520
76.467	395	76.493	519
76.518	392	76.543	517
76.569	390	76.594	517
76.619	389	76.644	515
76.670	389	76.696	515
76.720	389	76.746	513
76.771	391	76.797	511
76.822	395	76.847	511
76.873	399	76.898	512
76.923	404	76.949	512
76.974	409	77.000	512
77.024	414	77.050	511
77.076	418	77.101	512
77.126	423	77.151	513
77.177	426	77.203	516
77.227	430	77.253	516
77.278	432	77.304	517
77.329	432	77.354	519
77.380	431	77.405	519
77.430	431	77.455	520
77.481	427	77.507	522
77.531	424	77.557	522
77.582	422	77.608	523
77.633	416	77.658	523
77.684	412	77.709	523
77.735	406	77.760	522
77.785	403	77.811	522
77.836	399	77.861	521
77.887	396	77.912	519
77.938	393	77.962	516
77.988	391	78.014	515
78.039	390	78.064	513
78.089	392	78.115	514
78.141	393	78.165	512
78.191	395	78.216	510
78.242	399	78.266	510
78.292	404	78.318	509
78.343	407	78.368	509
78.393	411	78.419	511
78.445	416	78.469	511
78.495	420	78.520	513
78.546	425	78.571	514
78.596	427	78.622	514
78.647	429	78.672	514
78.698	430	78.723	520
78.749	430	78.773	520
78.799	429	78.825	522
78.850	427	78.875	523
78.900	425	78.926	523
78.952	420	78.976	524
79.002	417	79.027	525
79.053	412	79.078	524
79.103	409	79.129	523
79.154	404	79.179	521
79.204	400	79.230	521
79.256	398	79.280	520
79.306	395	79.331	517
79.357	393	79.382	517
79.407	393	79.433	514
79.458	393	79.483	512
79.509	395	79.534	511
79.560	395	79.584	509
79.610	399	79.636	509
79.661	403	79.686	508
79.711	406	79.737	509
79.763	410	79.787	510
79.813	415	79.838	510
79.864	418	79.889	512
79.914	422	79.940	514
79.965	424	79.990	514
80.015	426	80.041	518
80.067	428	80.091	518
80.117	428	80.142	520
80.168	427	80.193	521
80.218	425	80.244	523
80.269	423	80.294	524
80.320	420	80.345	524
80.371	417	80.395	525
80.421	414	80.447	525
80.472	410	80.497	523
80.522	406	80.548	523
80.574	403	80.598	522
80.624	400	80.649	519
80.675	398	80.700	519
80.725	396	80.751	516
80.776	396	80.802	515
80.826	396	80.852	512
80.878	398	80.903	512
80.928	398	80.953	509
80.979	401	81.005	508
81.029	403	81.055	509
81.080	406	81.106	508
81.131	410	81.156	509
81.182	413	81.207	509
81.232	416	81.258	510
81.283	419	81.309	512
81.333	421	81.359	515
81.385	424	81.410	516
81.435	425	81.460	518
81.486	425	81.512	520
81.536	424	81.562	522
81.587	424	81.613	523
81.638	422	81.663	524
81.689	420	81.714	525
81.739	417	81.764	525
81.790	413	81.816	525
81.840	411	81.866	524
81.891	407	81.917	523
81.942	405	81.967	521
81.993	401	82.018	520
82.043	399	82.069	518
82.094	398	82.120	516
82.144	398	82.170	515
82.196	399	82.221	512
82.246	398	82.271	511
82.297	399	82.323	510
82.347	401	82.373	509
82.398	404	82.424	507
82.449	406	82.474	509
82.500	409	82.525	508
82.550	412	82.575	509
82.601	415	82.627	510
82.651	417	82.677	513
82.702	419	82.728	513
82.753	421	82.778	516
82.804	423	82.829	518
82.854	424	82.880	519
82.905	422	82.931	521
82.955	423	82.981	523
83.007	420	83.032	524
83.057	418	83.082	525
83.108	417	83.134	525
83.158	414	83.184	524
83.209	411	83.235	524
83.260	408	83.285	524
83.311	406	83.336	522
83.361	404	83.386	521
83.412	403	83.438	518
83.462	401	83.488	516
83.513	400	83.539	515
83.564	399	83.589	513
83.615	401	83.640	511
83.665	401	83.691	510
83.716	403	83.742	508
83.766	405	83.792	509
83.818	406	83.843	508
83.868	410	83.893	509
83.919	412	83.945	509
83.969	414	83.995	511
84.020	416	84.046	511
84.071	418	84.096	514
84.122	419	84.147	515
84.172	420	84.198	518
84.223	420	84.249	520
84.273	420	84.299	521
84.324	418	84.350	523
84.375	419	84.400	523
84.426	418	84.451	525
84.477	415	84.502	524
84.527	414	84.553	525
84.578	411	84.603	525
84.629	409	84.654	523
84.680	408	84.704	522
84.730	405	84.756	521
84.781	404	84.806	519
84.831	404	84.857	517
84.883	402	84.907	514
84.933	402	84.958	514
84.984	403	85.009	511
85.034	403	85.060	510
85.085	404	85.110	509
85.135	405	85.161	507
85.187	407	85.211	507
85.237	409	85.262	508
85.288	410	85.313	509
85.338	412	85.364	511
85.389	415	85.414	512
85.440	416	85.465	513
85.491	417	85.515	515
85.541	417	85.567	517
85.592	419	85.617	520
85.642	417	85.668	520
85.694	419	85.718	523
85.744	417	85.769	524
85.795	416	85.820	524
85.845	415	85.871	524
85.896	414	85.921	525
85.946	411	85.972	524
85.998	410	86.022	523
86.048	408	86.073	522
86.099	408	86.124	520
86.149	406	86.175	518
86.200	404	86.225	517
86.251	404	86.276	516
86.302	403	86.326	513
86.352	405	86.378	512
86.403	405	86.428	511
86.453	406	86.479	510
86.505	406	86.529	509
86.555	408	86.580	509
86.606	409	86.631	510
86.656	410	86.682	510
86.707	413	86.732	511
86.758	413	86.783	512
86.809	415	86.833	513
86.859	415	86.884	515
86.910	417	86.935	517
86.960	417	86.986	518
87.011	418	87.036	519
87.062	416	87.087	522
87.113	415	87.137	522
87.163	415	87.189	524
87.214	414	87.239	524
87.264	413	87.290	524
87.316	412	87.340	523
87.366	410	87.391	523
87.417	409	87.442	521
87.467	408	87.493	520
87.518	406	87.544	519
87.569	407	87.594	517
87.620	406	87.645	516
87.670	406	87.695	514
87.721	406	87.747	513
87.771	407	87.797	511
87.822	407	87.848	510
87.873	408	87.898	510
87.924	410	87.949	511
87.974	410	88.000	510
88.025	411	88.051	511
88.075	412	88.101	512
88.127	412	88.152	512
88.177	413	88.202	513
88.228	414	88.254	516
88.278	415	88.304	517
88.329	415	88.355	518
88.380	414	88.405	520
88.431	414	88.456	521
88.481	414	88.506	522
88.532	414	88.558	522
88.582	412	88.608	524
88.633	412	88.659	522
88.684	411	88.709	523
88.735	410	88.760	522
88.785	410	88.811	521
88.836	409	88.862	520
88.886	408	88.912	518
88.938	408	88.963	517
88.988	409	89.013	516
89.039	408	89.065	515
89.089	409	89.115	513
89.140	408	89.166	512
89.191	409	89.216	511
89.242	410	89.267	511
89.292	410	89.318	511
89.343	410	89.369	511
89.393	411	89.419	511
89.444	412	89.470	513
89.495	413	89.520	513
89.546	412	89.571	514
89.596	413	89.622	516
89.647	414	89.673	517
89.697	413	89.723	518
89.749	413	89.774	519
89.799	413	89.824	520
89.850	412	89.876	522
89.900	412	89.926	523
89.951	411	89.977	521
90.002	412	90.027	522
90.053	411	90.078	522
90.103	409	90.129	522
90.154	409	90.180	520
90.204	411	90.230	519
90.255	409	90.281	518
90.306	409	90.331	515
90.357	409	90.382	515
90.407	409	90.433	515
90.458	409	90.484	513
90.508	410	90.534	512
90.560	410	90.585	512
90.610	410	90.635	511
90.661	411	90.687	511
90.711	411	90.737	511
90.762	412	90.788	512
90.813	411	90.838	513
90.864	412	90.889	513
90.914	412	90.940	514
90.965	413	90.991	516
91.015	412	91.041	518
91.066	412	91.092	519
91.117	412	91.142	521
91.168	412	91.193	520
91.218	411	91.244	521
91.269	411	91.295	521
91.319	411	91.345	521
91.371	410	91.396	521
91.421	410	91.446	520
91.472	410	91.498	520
91.522	410	91.548	519
91.573	410	91.599	517
91.624	410	91.649	517
91.675	409	91.700	515
91.725	410	91.751	515
91.776	410	91.802	514
91.826	410	91.852	513
91.878	411	91.903	513
91.928	411	91.953	511
91.979	411	92.004	513
92.029	411	92.055	512
92.080	411	92.106	513
92.130	411	92.156	514
92.182	413	92.207	514
92.232	411	92.257	515
92.283	411	92.309	517
92.333	411	92.359	517
92.384	411	92.410	518
92.435	411	92.460	519
92.486	410	92.511	518
92.536	411	92.562	521
92.587	410	92.613	519
92.637	410	92.663	520
92.689	411	92.714	521
92.739	409	92.764	520
92.790	411	92.815	520
92.840	410	92.866	518
92.891	410	92.917	518
92.941	411	92.967	516
92.993	410	93.018	516
93.043	411	93.068	515
93.094	410	93.120	515
93.144	411	93.170	513
93.195	411	93.221	514
93.246	412	93.271	514
93.297	411	93.322	513
93.347	412	93.373	513
93.398	412	93.424	514
93.448	411	93.474	514
93.500	412	93.525	515
93.550	410	93.575	515
93.601	411	93.626	516
93.651	410	93.677	517
93.702	411	93.728	517
93.752	411	93.778	519
93.804	410	93.829	519
93.854	410	93.879	519
93.905	410	93.931	519
93.955	410	93.981	520
94.006	410	94.032	518
94.057	411	94.082	519
94.108	411	94.133	519
94.158	411	94.184	518
94.209	412	94.235	518
94.259	411	94.285	517
94.311	410	94.336	517
94.361	412	94.386	516
94.412	412	94.438	516
94.462	411	94.488	515
94.513	412	94.539	514
94.563	412	94.589	514
94.615	411	94.640	515
94.665	411	94.690	514
94.716	411	94.742	515
94.766	411	94.792	515
94.817	411	94.843	514
94.868	411	94.893	515
94.919	411	94.944	516
94.969	411	94.995	516
95.020	411	95.046	517
95.070	410	95.096	517
95.122	410	95.147	518
95.172	411	95.197	519
95.223	410	95.249	519
95.273	411	95.299	518
95.324	410	95.350	519
95.374	412	95.400	519
95.426	411	95.451	518
95.476	411	95.501	519
95.527	413	95.553	517
95.577	412	95.603	516
95.628	411	95.654	516
95.679	411	95.704	516
95.730	412	95.755	515
95.780	411	95.806	514
95.831	411	95.857	515
95.881	412	95.907	514
95.933	411	95.958	514
95.983	410	96.008	516
96.034	411	96.060	516
96.084	411	96.110	515
96.135	411	96.161	515
96.185	411	96.211	516
96.237	410	96.262	517
96.287	410	96.312	517
96.338	412	96.364	517
96.388	410	96.414	518
96.439	410	96.465	518
96.491	410	96.515	518
96.541	410	96.566	517
96.592	411	96.617	519
96.642	411	96.668	517
96.693	411	96.718	517
96.744	411	96.769	518
96.795	411	96.819	517
96.845	411	96.871	517
96.896	411	96.921	516
96.946	411	96.972	516
96.998	412	97.022	516
97.048	410	97.073	515
97.099	412	97.123	516
97.149	411	97.175	516
97.200	411	97.225	515
97.250	411	97.276	516
97.302	411	97.326	516
97.352	411	97.377	516
97.403	410	97.428	516
97.453	411	97.479	515
97.504	410	97.529	516
97.555	411	97.580	517
97.606	410	97.630	517
97.656	411	97.682	517
97.707	410	97.732	517
97.757	411	97.783	517
97.809	410	97.833	518
97.859	410	97.884	519
97.910	411	97.934	516
97.960	411	97.986	519
98.011	411	98.036	516
98.061	412	98.087	518
98.113	412	98.137	517
98.163	411	98.188	517
98.214	411	98.239	516
98.264	411	98.290	516
98.315	411	98.340	514
98.366	411	98.391	516
98.417	411	98.441	515
98.467	411	98.493	515
98.518	411	98.543	515
98.568	410	98.594	516
98.620	410	98.644	516
98.670	410	98.695	514
98.721	411	98.745	515
98.771	410	98.797	516
98.822	410	98.847	516
