#Creator: pendulumviewEventBuffer
#Creation time: Thu Mar 30 09:56:21 2023
#Time A	Pos A	Time B	Pos B
#[s]	[au]	[s]	[au]
0.026	493	0.051	501
0.076	451	0.101	542
0.127	408	0.153	586
0.177	367	0.203	628
0.228	325	0.254	666
0.279	291	0.304	696
0.330	265	0.355	719
0.380	244	0.406	732
0.431	233	0.457	734
0.481	234	0.507	729
0.533	242	0.558	713
0.583	259	0.608	689
0.634	286	0.659	658
0.685	318	0.710	619
0.735	356	0.761	576
0.786	398	0.811	534
0.837	440	0.862	491
0.888	481	0.912	453
0.938	513	0.964	420
0.989	548	1.014	393
1.039	572	1.065	376
1.091	585	1.115	368
1.141	588	1.166	369
1.192	585	1.217	382
1.242	571	1.268	402
1.293	549	1.318	431
1.344	521	1.369	467
1.395	484	1.419	507
1.445	446	1.470	549
1.496	406	1.521	591
1.546	366	1.572	631
1.597	328	1.622	666
1.648	295	1.673	697
1.699	267	1.723	717
1.749	249	1.775	729
1.800	241	1.825	730
1.850	240	1.876	723
1.902	249	1.926	707
1.952	267	1.977	680
2.003	293	2.028	649
2.053	324	2.079	613
2.104	361	2.129	576
2.155	401	2.180	531
2.206	442	2.230	490
2.256	481	2.281	453
2.307	515	2.332	421
2.357	545	2.383	395
2.408	568	2.433	379
2.459	580	2.484	373
2.510	584	2.534	375
2.560	578	2.586	387
2.611	565	2.636	408
2.661	542	2.687	438
2.713	515	2.737	474
2.763	479	2.788	510
2.814	442	2.839	552
2.864	401	2.890	595
2.915	363	2.940	633
2.966	326	2.991	664
3.017	295	3.042	696
3.067	269	3.093	716
3.118	256	3.144	725
3.168	245	3.194	725
3.219	247	3.245	719
3.270	258	3.295	701
3.321	275	3.346	677
3.371	300	3.397	645
3.422	332	3.448	608
3.472	368	3.498	568
3.524	406	3.549	529
3.574	445	3.599	490
3.625	482	3.651	450
3.675	515	3.701	421
3.726	543	3.752	397
3.777	565	3.802	381
3.828	575	3.853	376
3.878	578	3.904	380
3.929	572	3.955	393
3.979	559	4.005	415
4.030	536	4.056	443
4.081	506	4.106	479
4.132	473	4.157	517
4.182	436	4.208	557
4.233	396	4.259	599
4.283	359	4.309	637
4.335	325	4.360	669
4.385	296	4.410	692
4.436	272	4.462	711
4.486	258	4.512	721
4.537	253	4.563	720
4.588	253	4.613	713
4.639	265	4.664	696
4.689	280	4.715	671
4.740	308	4.766	640
4.790	338	4.816	603
4.841	377	4.867	564
4.892	413	4.917	524
4.943	449	4.968	487
4.993	486	5.019	450
5.044	516	5.070	419
5.094	544	5.120	398
5.146	560	5.171	385
5.196	569	5.221	382
5.247	571	5.273	385
5.297	565	5.323	398
5.348	548	5.374	420
5.399	527	5.424	449
5.450	497	5.475	483
5.500	465	5.526	521
5.551	431	5.577	560
5.601	392	5.627	599
5.653	356	5.678	636
5.703	325	5.728	667
5.754	297	5.779	691
5.804	275	5.830	708
5.855	260	5.881	719
5.905	258	5.931	716
5.957	259	5.982	709
6.007	270	6.032	690
6.058	288	6.084	665
6.108	315	6.134	635
6.159	346	6.185	598
6.210	381	6.235	561
6.261	415	6.286	521
6.311	453	6.337	483
6.362	486	6.388	450
6.412	516	6.438	422
6.464	541	6.489	402
6.514	557	6.539	388
6.565	565	6.590	385
6.615	566	6.641	391
6.666	560	6.692	405
6.716	543	6.742	423
6.768	520	6.793	454
6.818	492	6.843	487
6.869	460	6.895	526
6.919	426	6.945	565
6.970	388	6.996	601
7.021	353	7.046	637
7.072	323	7.097	667
7.122	297	7.148	692
7.173	277	7.199	705
7.223	265	7.249	711
7.275	262	7.300	711
7.325	265	7.350	702
7.376	277	7.401	685
7.426	297	7.452	658
7.477	322	7.503	629
7.527	352	7.553	594
7.579	386	7.604	556
7.629	422	7.654	519
7.680	458	7.706	483
7.730	487	7.756	450
7.781	516	7.807	426
7.832	539	7.857	404
7.883	555	7.908	393
7.933	560	7.959	388
7.984	560	8.010	393
8.034	552	8.060	408
8.086	535	8.111	431
8.136	514	8.161	459
8.187	484	8.213	492
8.237	451	8.263	529
8.288	417	8.314	566
8.338	382	8.364	603
8.390	351	8.415	637
8.440	319	8.465	666
8.491	296	8.517	689
8.541	278	8.567	703
8.592	268	8.618	710
8.643	265	8.668	708
8.694	270	8.719	698
8.744	283	8.770	678
8.795	303	8.821	653
8.845	328	8.871	623
8.897	359	8.922	590
8.947	392	8.972	553
8.998	424	9.024	517
9.048	459	9.074	481
9.099	492	9.125	450
9.149	516	9.175	425
9.201	538	9.226	406
9.251	551	9.276	395
9.302	557	9.328	395
9.352	556	9.378	401
9.403	545	9.429	415
9.454	529	9.479	438
9.505	504	9.530	464
9.555	477	9.581	498
9.606	446	9.632	533
9.656	412	9.682	569
9.708	378	9.733	605
9.758	346	9.783	637
9.809	317	9.835	666
9.859	297	9.885	686
9.910	278	9.936	700
9.960	272	9.986	705
10.012	266	10.037	704
10.062	275	10.087	692
10.113	289	10.139	674
10.163	309	10.189	649
10.214	333	10.240	620
10.265	363	10.290	592
10.316	396	10.341	550
10.366	430	10.392	513
10.417	462	10.443	481
10.467	490	10.493	451
10.519	518	10.544	426
10.569	537	10.594	408
10.620	549	10.646	400
10.670	554	10.696	398
10.721	550	10.747	404
10.771	539	10.797	420
10.823	522	10.848	442
10.874	498	10.898	467
10.924	470	10.950	503
10.975	439	11.000	537
11.025	407	11.051	570
11.077	373	11.101	606
11.127	344	11.152	637
11.178	316	11.203	664
11.228	295	11.254	684
11.279	279	11.304	697
11.330	272	11.355	701
11.381	274	11.405	697
11.431	281	11.457	688
11.482	293	11.507	669
11.532	313	11.558	645
11.584	338	11.608	615
11.634	369	11.659	583
11.685	401	11.709	546
11.735	434	11.761	513
11.786	465	11.811	482
11.836	493	11.862	452
11.888	517	11.912	429
11.938	534	11.963	411
11.989	543	12.014	404
12.039	549	12.065	403
12.090	546	12.115	410
12.141	533	12.166	426
12.192	516	12.216	447
12.242	493	12.268	474
12.293	464	12.318	506
12.343	433	12.369	541
12.395	401	12.419	572
12.445	369	12.470	609
12.496	341	12.520	637
12.546	315	12.572	663
12.597	295	12.622	680
12.647	282	12.673	692
12.699	276	12.723	696
12.749	275	12.774	692
12.800	282	12.825	681
12.850	298	12.876	663
12.901	318	12.926	639
12.952	345	12.977	609
13.003	375	13.027	579
13.053	407	13.079	547
13.104	438	13.129	511
13.154	468	13.180	477
13.206	495	13.230	453
13.256	517	13.281	431
13.307	533	13.331	418
13.357	543	13.383	408
13.408	545	13.433	409
13.458	542	13.484	416
13.510	531	13.534	431
13.560	507	13.585	452
13.611	486	13.636	480
13.661	458	13.687	512
13.712	429	13.737	544
13.763	397	13.788	576
13.814	365	13.839	608
13.864	338	13.890	635
13.915	314	13.941	661
13.965	296	13.991	678
14.017	284	14.042	688
14.067	277	14.092	692
14.118	280	14.144	688
14.168	289	14.194	675
14.219	305	14.245	656
14.269	325	14.295	634
14.321	351	14.346	605
14.371	379	14.396	574
14.422	411	14.448	541
14.472	440	14.498	511
14.523	470	14.549	479
14.574	496	14.599	455
14.625	517	14.650	436
14.675	532	14.701	422
14.726	539	14.752	413
14.776	543	14.802	413
14.828	536	14.853	421
14.878	521	14.903	437
14.929	504	14.955	458
14.979	481	15.005	484
15.030	452	15.056	516
15.080	422	15.106	548
15.132	392	15.157	579
15.182	362	15.207	610
15.233	335	15.259	637
15.283	313	15.309	659
15.334	296	15.360	676
15.385	285	15.410	685
15.436	279	15.461	687
15.486	283	15.512	682
15.537	293	15.563	670
15.587	308	15.613	652
15.639	330	15.664	629
15.689	357	15.714	601
15.740	385	15.766	570
15.790	414	15.816	539
15.841	445	15.867	507
15.891	474	15.917	479
15.943	497	15.968	455
15.993	518	16.018	436
16.044	532	16.070	422
16.094	539	16.120	417
16.145	539	16.171	418
16.196	532	16.221	427
16.247	519	16.272	442
16.297	499	16.323	464
16.348	476	16.374	491
16.398	447	16.424	519
16.450	417	16.475	551
16.500	388	16.525	581
16.551	360	16.577	611
16.601	334	16.627	637
16.652	312	16.678	657
16.702	296	16.728	671
16.754	287	16.779	680
16.804	283	16.829	682
16.855	286	16.881	678
16.905	297	16.931	662
16.956	313	16.982	647
17.007	332	17.032	623
17.058	362	17.083	595
17.109	392	17.134	567
17.159	418	17.185	536
17.210	449	17.235	506
17.261	474	17.286	479
17.312	499	17.336	456
17.362	517	17.388	438
17.413	531	17.438	425
17.463	537	17.489	423
17.515	535	17.539	424
17.565	528	17.590	434
17.616	514	17.640	449
17.666	494	17.692	470
17.717	472	17.742	496
17.767	444	17.793	524
17.819	413	17.843	554
17.869	384	17.894	583
17.920	358	17.945	611
17.970	332	17.996	636
18.021	310	18.046	656
18.072	297	18.097	669
18.123	288	18.147	678
18.173	286	18.199	678
18.224	290	18.249	673
18.274	301	18.300	657
18.326	318	18.350	642
18.376	339	18.401	616
18.427	366	18.451	593
18.477	394	18.503	562
18.528	422	18.553	532
18.578	450	18.604	504
18.630	478	18.654	480
18.680	499	18.705	457
18.731	516	18.756	441
18.781	528	18.807	429
18.832	534	18.857	427
18.883	532	18.908	429
18.934	525	18.958	438
18.984	511	19.010	453
19.035	491	19.060	475
19.085	467	19.111	500
19.137	439	19.161	529
19.187	410	19.212	557
19.238	384	19.262	588
19.288	355	19.314	613
19.339	331	19.364	636
19.389	310	19.415	652
19.441	297	19.465	666
19.491	290	19.516	673
19.542	288	19.567	670
19.592	294	19.618	667
19.643	304	19.668	652
19.694	321	19.719	630
19.745	344	19.769	608
19.795	369	19.821	586
19.846	397	19.871	557
19.896	427	19.922	530
19.948	453	19.972	501
19.998	478	20.023	478
20.049	502	20.073	458
20.099	518	20.125	443
20.150	528	20.176	434
20.200	534	20.226	430
20.252	529	20.277	434
20.302	520	20.327	443
20.353	506	20.379	462
20.403	486	20.429	482
20.454	463	20.480	510
20.505	436	20.530	532
20.556	409	20.581	561
20.606	381	20.632	588
20.657	352	20.683	614
20.707	329	20.733	636
20.759	311	20.784	651
20.809	295	20.834	663
20.860	290	20.886	669
20.910	292	20.936	668
20.961	297	20.987	658
21.011	308	21.037	648
21.063	325	21.088	630
21.113	346	21.138	604
21.164	374	21.190	577
21.214	401	21.240	553
21.265	429	21.291	525
21.316	456	21.341	502
21.367	479	21.392	479
21.417	500	21.443	460
21.468	515	21.494	445
21.518	526	21.544	437
21.570	528	21.595	436
21.620	524	21.645	441
21.671	516	21.697	452
21.721	501	21.747	466
21.772	481	21.798	485
21.822	457	21.848	512
21.874	432	21.899	537
21.924	404	21.949	565
21.975	376	22.001	591
22.025	351	22.051	614
22.076	329	22.102	635
22.127	314	22.152	649
22.178	301	22.203	661
22.228	293	22.254	665
22.279	294	22.305	663
22.329	300	22.355	655
22.381	312	22.406	641
22.431	331	22.456	623
22.482	351	22.508	600
22.532	376	22.558	575
22.583	402	22.609	552
22.633	430	22.659	522
22.685	456	22.710	499
22.735	478	22.760	478
22.786	500	22.812	461
22.836	514	22.862	447
22.887	523	22.913	441
22.938	523	22.963	439
22.989	523	23.014	446
23.039	513	23.065	456
23.090	499	23.116	472
23.140	477	23.166	493
23.192	455	23.217	517
23.242	428	23.267	545
23.293	401	23.319	568
23.343	374	23.369	594
23.394	350	23.420	619
23.445	329	23.470	635
23.496	312	23.521	650
23.546	303	23.571	657
23.597	296	23.623	661
23.647	297	23.673	658
23.698	302	23.724	649
23.749	315	23.774	637
23.800	331	23.825	618
23.850	356	23.876	596
23.901	379	23.927	572
23.951	408	23.977	545
24.003	432	24.028	520
24.053	457	24.078	497
24.104	480	24.130	476
24.154	498	24.180	462
24.205	512	24.231	450
24.256	521	24.281	443
24.307	525	24.332	444
24.357	519	24.382	451
24.408	506	24.434	463
24.458	492	24.484	479
24.509	473	24.535	499
24.560	450	24.585	522
24.611	426	24.636	546
24.662	398	24.687	572
24.712	372	24.738	596
24.763	349	24.788	617
24.814	329	24.839	634
24.865	313	24.889	650
24.915	303	24.941	654
24.966	298	24.991	659
25.016	300	25.042	654
25.068	307	25.092	645
25.118	320	25.143	630
25.169	338	25.193	613
25.219	358	25.245	591
25.270	383	25.295	567
25.320	411	25.346	542
25.372	434	25.396	519
25.422	458	25.447	495
25.473	480	25.498	476
25.523	498	25.549	462
25.574	511	25.599	451
25.625	517	25.650	447
25.676	520	25.700	447
25.726	515	25.752	453
25.777	504	25.802	467
25.827	489	25.853	483
25.879	469	25.903	503
25.929	444	25.954	527
25.980	418	26.005	552
26.030	396	26.056	576
26.081	371	26.106	598
26.131	347	26.157	619
26.183	329	26.207	635
26.233	315	26.258	646
26.284	305	26.309	654
26.334	301	26.360	652
26.385	303	26.410	649
26.436	311	26.461	641
26.487	324	26.511	626
26.537	341	26.563	607
26.588	364	26.613	585
26.638	385	26.664	562
26.690	411	26.714	537
26.740	436	26.765	515
26.791	460	26.816	494
26.841	479	26.867	477
26.892	496	26.917	463
26.942	509	26.968	453
26.994	515	27.018	453
27.044	516	27.069	452
27.095	511	27.120	461
27.145	501	27.171	473
27.196	485	27.221	489
27.247	466	27.272	509
27.298	444	27.322	532
27.348	418	27.374	555
27.399	394	27.424	578
27.449	372	27.475	599
27.501	348	27.525	619
27.551	331	27.576	634
27.602	316	27.627	643
27.652	307	27.678	651
27.703	303	27.729	651
27.753	307	27.779	643
27.805	314	27.830	633
27.855	326	27.880	620
27.906	345	27.932	601
27.956	366	27.982	580
28.007	389	28.033	558
28.058	410	28.083	535
28.109	439	28.134	513
28.159	459	28.185	493
28.210	479	28.236	476
28.260	497	28.286	463
28.312	506	28.337	456
28.362	512	28.387	451
28.413	513	28.439	458
28.463	507	28.489	464
28.514	496	28.540	477
28.565	481	28.590	496
28.616	461	28.641	514
28.666	439	28.691	536
28.717	415	28.743	559
28.767	391	28.793	582
28.818	369	28.844	602
28.869	349	28.894	619
28.920	331	28.945	634
28.970	317	28.996	645
29.021	309	29.047	648
29.071	308	29.097	647
29.123	309	29.148	641
29.173	318	29.198	631
29.224	331	29.250	615
29.274	349	29.300	595
29.325	369	29.351	576
29.376	390	29.401	553
29.427	415	29.452	533
29.477	439	29.502	511
29.528	462	29.554	491
29.578	479	29.604	476
29.629	496	29.655	464
29.680	503	29.705	458
29.731	507	29.756	456
29.781	507	29.807	463
29.832	503	29.858	469
29.882	491	29.908	480
29.934	476	29.959	499
29.984	457	30.009	519
30.035	436	30.061	539
30.085	412	30.111	562
30.136	390	30.162	583
30.187	368	30.212	604
30.238	348	30.263	620
30.288	330	30.313	634
30.339	319	30.365	642
30.389	312	30.415	647
30.440	309	30.466	644
30.491	315	30.516	637
30.542	322	30.567	626
30.592	335	30.618	608
30.643	352	30.669	592
30.693	373	30.719	574
30.745	395	30.770	549
30.795	417	30.820	527
30.846	441	30.872	507
30.896	461	30.922	490
30.947	478	30.973	476
30.998	494	31.023	466
31.049	501	31.074	460
31.099	506	31.125	460
31.150	506	31.176	465
31.200	498	31.226	473
31.251	488	31.277	487
31.302	472	31.327	504
31.353	451	31.378	523
31.404	433	31.429	546
31.454	410	31.480	567
31.505	387	31.530	585
31.556	367	31.581	605
31.607	347	31.631	621
31.657	332	31.683	633
31.708	321	31.733	640
31.758	315	31.784	643
31.810	314	31.834	641
31.860	317	31.885	634
31.911	324	31.936	621
31.961	340	31.987	607
32.012	356	32.037	588
32.062	376	32.088	568
32.114	397	32.138	546
32.164	420	32.189	527
32.215	441	32.240	506
32.265	461	32.291	488
32.316	478	32.341	476
32.367	491	32.392	468
32.418	498	32.442	463
32.468	502	32.494	462
32.519	498	32.544	467
32.569	491	32.595	477
32.621	482	32.645	490
32.671	467	32.696	508
32.722	447	32.747	529
32.772	429	32.798	548
32.823	408	32.848	569
32.873	386	32.899	589
32.925	366	32.949	608
32.975	348	33.000	621
33.026	334	33.051	632
33.076	323	33.102	639
33.127	318	33.152	642
33.178	317	33.203	637
33.229	322	33.253	629
33.279	331	33.305	618
33.330	343	33.355	602
33.380	362	33.406	585
33.432	379	33.456	564
33.482	401	33.507	544
33.533	421	33.558	522
33.583	443	33.609	502
33.634	461	33.659	488
33.685	476	33.710	477
33.736	489	33.760	468
33.786	496	33.811	462
33.837	499	33.862	465
33.887	497	33.913	470
33.938	490	33.963	481
33.989	479	34.014	495
34.040	465	34.064	513
34.090	446	34.116	532
34.141	426	34.166	552
34.191	406	34.217	572
34.243	384	34.267	589
34.293	364	34.318	608
34.344	348	34.369	624
34.394	335	34.420	633
34.445	326	34.471	637
34.496	321	34.521	638
34.547	321	34.572	634
34.597	325	34.622	627
34.648	334	34.674	615
34.698	347	34.724	598
34.749	364	34.775	580
34.800	381	34.825	560
34.851	401	34.876	541
34.901	426	34.927	521
34.952	444	34.978	503
35.002	461	35.028	487
35.054	475	35.079	476
35.104	486	35.129	472
35.155	494	35.181	465
35.205	495	35.231	467
35.256	493	35.282	473
35.307	486	35.332	485
35.358	474	35.383	498
35.408	460	35.433	516
35.459	442	35.485	535
35.509	421	35.535	555
35.560	403	35.586	574
35.611	383	35.636	593
35.662	364	35.687	608
35.712	348	35.738	622
35.763	336	35.789	631
35.813	328	35.839	636
35.865	324	35.890	636
35.915	325	35.940	632
35.966	330	35.992	624
36.016	339	36.042	612
36.067	353	36.093	594
36.118	369	36.143	577
36.169	387	36.194	557
36.219	407	36.245	538
36.270	427	36.296	520
36.320	444	36.346	502
36.371	460	36.397	489
36.422	474	36.447	476
36.473	483	36.498	470
36.523	490	36.549	468
36.574	491	36.600	470
36.624	489	36.650	477
36.676	480	36.701	488
36.726	470	36.751	502
36.777	455	36.803	519
36.827	438	36.853	538
36.878	420	36.904	558
36.929	400	36.954	577
36.980	382	37.005	594
37.030	365	37.056	609
37.081	352	37.107	621
37.131	336	37.157	629
37.182	330	37.208	634
37.233	327	37.258	634
37.284	329	37.309	629
37.334	334	37.360	621
37.385	344	37.411	607
37.435	358	37.461	591
37.487	373	37.512	573
37.537	391	37.562	554
37.588	409	37.614	535
37.638	428	37.664	517
37.689	446	37.715	500
37.740	461	37.765	487
37.791	473	37.816	477
37.841	483	37.867	471
37.892	487	37.918	471
37.942	488	37.968	472
37.993	486	38.019	482
38.044	477	38.069	491
38.095	465	38.120	505
38.145	451	38.171	522
38.196	434	38.222	542
38.246	416	38.272	559
38.298	396	38.323	577
38.348	380	38.373	595
38.399	365	38.425	610
38.449	350	38.475	621
38.500	339	38.526	628
38.551	335	38.576	632
38.602	330	38.627	630
38.652	330	38.678	625
38.703	341	38.729	615
38.753	349	38.779	603
38.805	360	38.830	589
38.855	377	38.880	571
38.906	394	38.931	550
38.956	412	38.982	537
39.007	430	39.033	515
39.057	446	39.083	502
39.109	462	39.134	487
39.159	473	39.184	480
39.210	480	39.236	473
39.260	486	39.286	473
39.311	482	39.337	476
39.362	482	39.387	483
39.413	473	39.438	495
39.463	460	39.489	507
39.514	448	39.540	526
39.564	431	39.590	544
39.616	411	39.641	564
39.666	395	39.691	578
39.717	379	39.742	596
39.767	363	39.793	610
39.818	351	39.844	619
39.868	341	39.894	628
39.920	336	39.945	630
39.970	331	39.995	629
40.021	336	40.047	623
40.071	342	40.097	613
40.122	354	40.148	600
40.173	367	40.198	584
40.224	381	40.249	568
40.274	399	40.300	550
40.325	416	40.351	532
40.375	432	40.401	515
40.427	448	40.452	500
40.477	461	40.502	489
40.528	471	40.553	479
40.578	479	40.604	472
40.629	482	40.655	474
40.679	482	40.705	479
40.731	476	40.756	486
40.781	468	40.806	498
40.832	455	40.858	512
40.882	442	40.908	529
40.933	430	40.959	546
40.984	410	41.009	564
41.035	392	41.060	581
41.085	378	41.111	597
41.136	363	41.162	610
41.186	351	41.212	618
41.238	343	41.263	624
41.288	339	41.313	629
41.339	336	41.365	627
41.389	340	41.415	619
41.440	348	41.466	610
41.490	355	41.516	596
41.542	372	41.567	582
41.592	385	41.617	565
41.643	401	41.669	548
41.693	418	41.719	531
41.744	432	41.770	514
41.795	450	41.820	501
41.846	461	41.871	487
41.896	470	41.922	481
41.947	476	41.973	474
41.997	479	42.023	478
42.049	478	42.074	481
42.099	473	42.124	488
42.150	464	42.176	501
42.200	453	42.226	515
42.251	437	42.277	532
42.301	423	42.327	548
42.353	407	42.378	565
42.403	390	42.428	581
42.454	374	42.480	597
42.504	362	42.530	608
42.555	353	42.581	618
42.606	344	42.631	621
42.657	342	42.682	624
42.707	341	42.733	623
42.758	344	42.784	618
42.808	351	42.834	609
42.860	362	42.885	594
42.910	374	42.935	579
42.961	390	42.987	563
43.011	405	43.037	546
43.062	420	43.088	529
43.112	437	43.138	515
43.164	448	43.189	500
43.214	461	43.239	489
43.265	469	43.291	483
43.315	475	43.341	480
43.366	477	43.392	479
43.418	475	43.442	486
43.468	469	43.493	494
43.519	461	43.544	501
43.569	448	43.595	518
43.620	435	43.645	534
43.671	421	43.696	551
43.722	405	43.746	567
43.772	390	43.798	583
43.823	374	43.848	597
43.873	362	43.899	608
43.925	354	43.949	616
43.975	346	44.000	622
44.026	344	44.050	622
44.076	344	44.102	621
44.127	348	44.152	612
44.177	356	44.203	603
44.229	366	44.253	589
44.279	377	44.304	576
44.330	393	44.355	563
44.380	408	44.406	544
44.431	422	44.456	526
44.482	437	44.507	513
44.533	450	44.557	501
44.583	462	44.609	491
44.634	467	44.659	484
44.684	473	44.710	481
44.736	474	44.760	483
44.786	471	44.811	485
44.837	465	44.861	494
44.887	456	44.913	509
44.938	445	44.963	524
44.988	431	45.014	535
45.040	415	45.064	552
45.090	402	45.115	568
45.141	389	45.166	584
45.191	374	45.217	596
45.242	364	45.267	607
45.293	356	45.318	616
45.344	347	45.368	619
45.394	346	45.420	620
45.445	346	45.470	617
45.495	351	45.521	611
45.547	359	45.571	600
45.597	368	45.622	587
45.648	382	45.672	572
45.698	398	45.724	560
45.749	411	45.774	543
45.799	425	45.825	528
45.851	438	45.875	513
45.901	450	45.926	501
45.952	463	45.977	492
46.002	466	46.028	487
46.053	473	46.078	484
46.104	469	46.129	486
46.155	468	46.179	492
46.205	462	46.231	499
46.256	454	46.281	511
46.306	442	46.332	527
46.358	428	46.382	540
46.408	416	46.433	553
46.459	399	46.483	568
46.509	385	46.535	583
46.560	373	46.586	596
46.610	361	46.636	606
46.662	355	46.687	613
46.712	351	46.737	617
46.763	348	46.789	617
46.813	350	46.839	614
46.864	355	46.890	607
46.915	364	46.940	599
46.966	374	46.991	585
47.016	386	47.042	571
47.067	399	47.093	553
47.117	414	47.143	542
47.169	428	47.194	525
47.219	440	47.244	512
47.270	451	47.296	502
47.320	461	47.346	494
47.371	465	47.397	489
47.421	470	47.447	488
47.473	468	47.498	489
47.523	466	47.548	495
47.574	457	47.600	503
47.624	450	47.650	515
47.675	439	47.701	529
47.726	426	47.751	541
47.777	411	47.802	556
47.827	398	47.853	569
47.878	385	47.904	584
47.928	373	47.954	599
47.980	362	48.005	605
48.030	356	48.055	611
48.081	351	48.107	615
48.131	351	48.157	615
48.182	351	48.208	611
48.232	358	48.258	604
48.284	367	48.309	594
48.334	377	48.359	582
48.385	389	48.411	568
48.435	402	48.461	554
48.486	416	48.512	540
48.537	429	48.562	527
48.588	441	48.613	514
48.638	452	48.664	503
48.689	461	48.715	493
48.739	467	48.765	491
48.791	467	48.816	490
48.841	466	48.866	491
48.892	463	48.918	497
48.942	454	48.968	506
48.993	447	49.019	517
49.043	435	49.069	530
49.095	419	49.120	544
49.145	409	49.170	558
49.196	397	49.222	573
49.246	383	49.272	584
49.297	373	49.323	596
49.348	362	49.373	604
49.399	357	49.424	609
49.449	353	49.475	613
49.500	353	49.526	611
49.550	356	49.576	607
49.602	360	49.627	600
49.652	367	49.677	591
49.703	379	49.729	578
49.753	391	49.779	566
49.804	405	49.830	549
49.854	418	49.880	538
49.906	431	49.931	523
49.956	442	49.981	514
50.007	452	50.033	506
50.057	460	50.083	499
50.108	464	50.134	494
50.159	466	50.184	493
50.210	466	50.235	495
50.261	459	50.286	501
50.311	453	50.337	508
50.362	444	50.387	519
50.413	432	50.438	533
50.464	420	50.488	546
50.514	406	50.540	559
50.565	392	50.590	572
50.615	383	50.641	583
50.667	372	50.691	593
50.717	363	50.742	602
50.768	358	50.792	607
50.818	356	50.844	610
50.869	356	50.894	607
50.919	358	50.945	604
50.971	365	50.995	595
51.021	372	51.046	587
51.072	383	51.097	575
51.122	395	51.148	562
51.173	409	51.198	550
51.224	423	51.249	536
51.275	432	51.299	524
51.325	444	51.351	514
51.376	452	51.401	506
51.426	458	51.452	499
51.478	462	51.502	497
51.528	464	51.553	495
51.579	462	51.603	501
51.629	457	51.655	506
51.680	450	51.705	513
51.730	441	51.756	524
51.782	429	51.806	537
51.832	417	51.857	548
51.883	405	51.908	561
51.933	392	51.959	573
51.984	380	52.009	585
52.035	371	52.060	594
52.086	365	52.110	602
52.136	359	52.162	605
52.187	358	52.212	606
52.237	358	52.263	607
52.289	362	52.313	601
52.339	368	52.364	593
52.390	376	52.414	582
52.440	387	52.466	573
52.491	398	52.516	560
52.541	411	52.567	548
52.593	424	52.617	536
52.643	435	52.668	524
52.694	439	52.719	513
52.744	451	52.770	505
52.795	458	52.820	501
52.846	461	52.871	496
52.897	462	52.921	498
52.947	460	52.973	502
52.998	452	53.023	509
53.048	447	53.074	516
53.100	438	53.124	525
53.150	426	53.175	538
53.201	415	53.225	549
53.251	403	53.277	562
53.302	393	53.328	574
53.352	381	53.378	585
53.404	370	53.429	591
53.454	366	53.479	599
53.505	362	53.531	603
53.555	359	53.581	604
53.606	361	53.632	605
53.657	365	53.682	596
53.708	372	53.733	590
53.758	379	53.784	583
53.809	391	53.835	569
53.859	401	53.885	559
53.911	411	53.936	545
53.961	426	53.986	534
54.012	435	54.038	525
54.062	444	54.088	514
54.113	448	54.139	507
54.163	459	54.189	503
54.215	462	54.240	501
54.265	459	54.290	503
54.316	457	54.342	505
54.366	453	54.392	512
54.417	444	54.443	521
54.468	434	54.493	530
54.519	424	54.544	541
54.569	413	54.595	552
54.620	401	54.646	564
54.670	390	54.696	575
54.722	381	54.747	584
54.772	373	54.797	592
54.823	365	54.849	598
54.873	362	54.899	600
54.924	362	54.950	600
54.974	362	55.000	599
55.026	368	55.051	595
55.076	374	55.101	587
55.127	383	55.153	581
55.177	392	55.203	568
55.228	402	55.254	554
55.279	415	55.304	544
55.330	426	55.355	534
55.380	435	55.406	525
55.431	445	55.457	515
55.481	452	55.507	509
55.533	456	55.558	506
55.583	462	55.608	503
55.634	457	55.660	504
55.684	456	55.710	508
55.735	449	55.761	515
55.785	441	55.811	521
55.837	433	55.862	531
55.887	422	55.912	543
55.938	410	55.964	552
55.988	400	56.014	565
56.039	389	56.065	573
56.090	381	56.115	584
56.141	373	56.166	590
56.191	366	56.217	596
56.242	364	56.268	598
56.292	364	56.318	597
56.344	367	56.369	595
56.394	370	56.419	590
56.445	378	56.471	583
56.495	385	56.521	576
56.546	395	56.572	563
56.597	406	56.622	553
56.648	416	56.673	544
56.698	427	56.723	535
56.749	435	56.775	524
56.799	445	56.825	516
56.850	450	56.876	510
56.901	453	56.926	508
56.952	456	56.977	505
57.002	456	57.028	507
57.053	453	57.079	512
57.103	446	57.129	518
57.155	439	57.180	526
57.205	430	57.230	532
57.256	420	57.282	542
57.306	409	57.332	556
57.357	399	57.383	566
57.408	389	57.433	575
57.459	381	57.484	583
57.509	374	57.534	590
57.560	368	57.586	594
57.610	366	57.636	595
57.661	368	57.687	595
57.712	368	57.737	592
57.763	374	57.788	586
57.814	378	57.839	580
57.864	388	57.890	572
57.915	397	57.940	561
57.966	407	57.991	552
58.017	418	58.041	541
58.067	427	58.093	531
58.118	437	58.143	525
58.168	445	58.194	516
58.220	451	58.244	509
58.270	453	58.295	509
58.321	455	58.345	509
58.371	455	58.397	511
58.422	450	58.447	514
58.472	445	58.498	522
58.524	438	58.548	529
58.574	428	58.599	539
58.625	419	58.650	548
58.675	408	58.701	558
58.726	397	58.751	566
58.777	389	58.802	575
58.828	380	58.852	583
58.878	375	58.904	590
58.929	370	58.954	591
58.979	367	59.005	594
59.031	368	59.055	590
59.081	372	59.106	588
59.132	375	59.157	584
59.182	383	59.208	577
59.233	390	59.258	569
59.283	401	59.309	559
59.335	409	59.359	550
59.385	420	59.410	541
59.436	429	59.461	531
59.486	437	59.512	520
59.537	445	59.562	515
59.588	448	59.613	513
59.639	452	59.663	510
59.689	452	59.715	511
59.740	451	59.765	514
59.790	446	59.816	518
59.842	441	59.866	525
59.892	433	59.917	532
59.943	426	59.968	542
59.993	417	60.019	550
60.044	406	60.069	560
60.094	396	60.120	569
60.146	389	60.170	577
60.196	381	60.221	581
60.247	375	60.272	587
60.297	371	60.323	590
60.348	370	60.373	590
60.399	370	60.424	589
60.450	373	60.474	586
60.500	378	60.526	580
60.551	385	60.576	573
60.601	392	60.627	565
60.653	403	60.677	557
60.703	409	60.728	548
60.754	420	60.779	539
60.804	430	60.830	529
60.855	438	60.881	524
60.905	444	60.931	519
60.957	449	60.982	513
61.007	450	61.032	513
61.058	451	61.084	511
61.108	449	61.134	514
61.159	446	61.185	521
61.210	439	61.235	528
61.261	431	61.286	534
61.311	424	61.337	543
61.362	414	61.388	551
61.412	407	61.438	561
61.464	396	61.489	569
61.514	390	61.539	575
61.565	382	61.591	582
61.615	375	61.641	587
61.666	373	61.692	586
61.717	373	61.742	590
61.768	373	61.793	587
61.818	375	61.843	587
61.869	378	61.895	578
61.919	387	61.945	571
61.970	397	61.996	563
62.021	403	62.046	555
62.072	413	62.097	546
62.122	419	62.148	537
62.173	429	62.199	529
62.223	438	62.249	525
62.275	444	62.300	518
62.325	447	62.350	515
62.376	449	62.402	516
62.426	449	62.452	515
62.477	447	62.503	521
62.528	444	62.553	522
62.579	438	62.604	532
62.629	431	62.654	538
62.680	422	62.706	544
62.730	414	62.756	552
62.781	405	62.807	562
62.832	396	62.857	570
62.883	392	62.908	576
62.933	381	62.959	581
62.984	374	63.010	585
63.034	374	63.060	585
63.086	375	63.111	585
63.136	376	63.161	584
63.187	379	63.213	582
63.237	383	63.263	572
63.288	390	63.314	567
63.339	397	63.364	562
63.390	407	63.415	552
63.440	415	63.465	544
63.491	421	63.517	537
63.541	431	63.567	530
63.592	438	63.618	525
63.643	443	63.668	521
63.694	446	63.719	518
63.744	447	63.770	519
63.795	448	63.821	520
63.845	445	63.871	523
63.897	441	63.922	527
63.947	435	63.972	533
63.998	429	64.024	542
64.048	422	64.074	547
64.099	413	64.125	556
64.150	404	64.175	562
64.201	396	64.226	569
64.251	388	64.277	576
64.302	383	64.328	580
64.352	380	64.378	584
64.403	375	64.429	584
64.454	377	64.479	584
64.505	377	64.530	582
64.556	381	64.581	580
64.606	385	64.632	572
64.657	390	64.682	568
64.708	399	64.733	559
64.759	409	64.783	552
64.809	415	64.835	541
64.860	423	64.885	536
64.910	430	64.936	529
64.962	435	64.986	524
65.012	442	65.037	523
65.063	444	65.088	519
65.113	445	65.139	520
65.164	444	65.189	521
65.214	442	65.240	525
65.266	438	65.290	530
65.316	433	65.341	535
65.367	426	65.392	542
65.417	419	65.443	550
65.468	412	65.493	559
65.519	405	65.544	563
65.570	396	65.594	569
65.620	391	65.646	576
65.671	385	65.696	580
65.721	382	65.747	582
65.773	380	65.797	582
65.823	379	65.848	581
65.874	379	65.899	578
65.924	382	65.950	574
65.975	389	66.000	571
66.025	394	66.051	562
66.077	401	66.101	554
66.127	409	66.152	548
66.178	416	66.203	543
66.228	423	66.254	533
66.279	431	66.304	529
66.330	435	66.355	525
66.381	439	66.405	522
66.431	443	66.457	523
66.482	445	66.507	522
66.532	440	66.558	524
66.584	440	66.608	528
66.634	438	66.659	532
66.685	431	66.710	539
66.735	424	66.761	545
66.786	418	66.811	550
66.837	410	66.862	558
66.888	403	66.912	570
66.938	397	66.963	572
66.989	390	67.014	576
67.039	386	67.065	578
67.090	384	67.115	580
67.141	380	67.166	581
67.192	381	67.216	579
67.242	383	67.268	576
67.293	386	67.318	572
67.343	390	67.369	566
67.395	396	67.419	561
67.445	402	67.470	553
67.496	410	67.521	547
67.546	417	67.572	541
67.597	423	67.623	534
67.648	429	67.673	529
67.699	435	67.724	526
67.749	437	67.774	522
67.800	441	67.826	523
67.850	441	67.876	526
67.901	440	67.927	526
67.952	437	67.977	530
68.003	435	68.028	534
68.053	429	68.079	542
68.104	424	68.130	547
68.154	417	68.180	553
68.206	410	68.231	559
68.256	403	68.281	566
68.307	397	68.333	570
68.357	392	68.383	577
68.408	387	68.434	574
68.459	385	68.484	579
68.510	382	68.535	579
68.560	383	68.585	576
68.611	386	68.637	573
68.661	390	68.687	570
68.712	394	68.738	564
68.763	400	68.788	558
68.814	405	68.839	552
68.864	412	68.890	545
68.915	417	68.941	539
68.965	424	68.991	533
69.017	429	69.042	529
69.067	433	69.092	528
69.118	437	69.144	525
69.168	438	69.194	524
69.219	438	69.245	526
69.270	438	69.295	528
69.321	435	69.346	532
69.371	431	69.397	537
69.422	428	69.448	544
69.472	422	69.498	548
69.523	415	69.549	554
69.574	408	69.599	561
69.625	402	69.650	564
69.675	397	69.701	570
69.726	393	69.752	574
69.776	389	69.802	578
69.828	385	69.853	577
69.878	385	69.903	575
69.929	386	69.955	575
69.979	388	70.005	570
70.030	391	70.056	568
70.081	397	70.106	562
70.132	401	70.157	556
70.182	405	70.208	550
70.233	411	70.259	544
70.283	419	70.309	540
70.334	425	70.360	534
70.385	426	70.410	530
70.436	432	70.461	527
70.486	435	70.512	527
70.537	436	70.563	524
70.587	437	70.613	529
70.639	436	70.664	533
70.689	434	70.714	533
70.740	430	70.766	539
70.790	423	70.816	544
70.841	419	70.867	550
70.892	414	70.917	556
70.943	409	70.968	562
70.993	403	71.019	566
71.044	398	71.070	569
71.094	393	71.120	573
71.145	390	71.171	577
71.196	389	71.221	577
71.247	389	71.272	574
71.297	390	71.323	574
71.348	390	71.374	567
71.398	394	71.424	562
71.450	398	71.475	560
71.500	404	71.525	554
71.551	408	71.577	549
71.601	414	71.627	543
71.652	418	71.678	538
71.703	425	71.728	534
71.754	429	71.779	531
71.804	431	71.830	529
71.855	433	71.881	529
71.905	436	71.931	528
71.957	433	71.982	530
72.007	433	72.032	532
72.058	432	72.083	537
72.108	426	72.134	542
72.159	423	72.185	545
72.209	418	72.235	551
72.261	413	72.286	557
72.311	408	72.336	561
72.362	402	72.388	567
72.412	398	72.438	569
72.463	396	72.489	572
72.514	392	72.539	573
72.565	391	72.590	574
72.615	389	72.641	572
72.666	392	72.692	568
72.716	392	72.742	568
72.768	397	72.793	561
72.818	401	72.843	557
72.869	405	72.894	552
72.919	409	72.945	547
72.970	415	72.996	542
73.020	420	73.046	538
73.072	423	73.097	535
73.122	427	73.147	531
73.173	430	73.199	529
73.223	433	73.249	529
73.274	432	73.300	530
73.325	432	73.350	532
73.376	431	73.401	535
73.426	428	73.452	540
73.477	425	73.503	543
73.527	420	73.553	548
73.579	416	73.604	552
73.629	412	73.654	559
73.680	407	73.705	564
73.730	403	73.756	566
73.781	400	73.807	569
73.831	396	73.857	571
73.883	394	73.908	573
73.933	392	73.958	571
73.984	394	74.010	569
74.034	394	74.060	568
74.085	396	74.111	565
74.136	399	74.161	561
74.187	403	74.212	555
74.237	406	74.263	553
74.288	411	74.314	547
74.338	416	74.364	544
74.390	421	74.415	536
74.440	423	74.465	537
74.491	427	74.517	532
74.541	429	74.567	532
74.592	430	74.618	531
74.642	430	74.668	532
74.694	429	74.719	533
74.744	429	74.769	538
74.795	425	74.821	541
74.845	422	74.871	545
74.896	420	74.922	548
74.947	415	74.972	553
74.998	411	75.023	559
75.048	407	75.074	563
75.099	404	75.125	564
75.149	400	75.175	569
75.201	398	75.226	570
75.251	396	75.276	570
75.302	395	75.328	570
75.352	394	75.378	570
75.403	398	75.429	566
75.453	400	75.479	562
75.505	402	75.530	559
75.555	404	75.580	555
75.606	408	75.632	550
75.656	413	75.682	546
75.707	416	75.733	541
75.758	420	75.783	540
75.809	423	75.834	534
75.859	427	75.885	537
75.910	427	75.936	533
75.960	429	75.986	531
76.012	429	76.037	534
76.062	429	76.087	536
76.113	424	76.139	539
76.163	422	76.189	542
76.214	420	76.240	547
76.264	415	76.290	551
76.316	413	76.341	555
76.366	410	76.391	559
76.417	406	76.443	559
76.467	404	76.493	563
76.518	401	76.544	566
76.570	399	76.594	571
76.620	399	76.645	567
76.671	398	76.696	567
76.721	399	76.747	567
76.772	399	76.797	564
76.823	402	76.848	561
76.874	405	76.898	558
76.924	408	76.950	554
76.975	409	77.000	550
77.025	413	77.051	542
77.077	418	77.101	542
77.127	420	77.152	541
77.178	422	77.202	535
77.228	425	77.254	531
77.279	426	77.304	532
77.329	426	77.355	540
77.381	427	77.405	536
77.431	425	77.456	534
77.482	425	77.507	540
77.532	421	77.558	544
77.583	417	77.608	547
77.634	418	77.659	551
77.685	411	77.709	557
77.735	409	77.761	558
77.786	406	77.811	560
77.836	403	77.862	564
77.888	402	77.912	567
77.938	401	77.963	568
77.989	400	78.013	565
78.039	400	78.065	567
78.090	401	78.115	565
78.140	402	78.166	563
78.192	404	78.216	560
78.242	407	78.267	556
78.293	408	78.318	553
78.343	412	78.369	549
78.394	414	78.419	544
78.445	418	78.470	542
78.496	419	78.520	539
78.546	422	78.572	538
78.597	423	78.622	537
78.647	424	78.673	536
78.699	424	78.723	535
78.749	424	78.774	540
78.800	423	78.824	539
78.850	422	78.876	541
78.901	419	78.926	546
78.951	416	78.977	550
79.003	414	79.027	552
79.053	412	79.078	558
79.104	408	79.129	559
79.154	408	79.180	561
79.205	404	79.230	563
79.256	404	79.281	565
79.307	403	79.331	565
79.357	401	79.383	564
79.408	402	79.433	566
79.458	403	79.484	564
79.510	404	79.534	562
79.560	407	79.585	557
79.611	409	79.635	553
79.661	411	79.687	551
79.712	413	79.738	547
79.762	414	79.788	545
79.814	417	79.839	542
79.864	422	79.889	540
79.915	420	79.941	538
79.965	424	79.991	539
80.016	423	80.042	539
80.067	423	80.092	540
80.118	423	80.143	538
80.168	420	80.194	541
80.219	420	80.245	545
80.269	417	80.295	550
80.321	416	80.346	551
80.371	413	80.396	553
80.422	412	80.448	556
80.472	407	80.498	558
80.523	406	80.549	561
80.573	404	80.599	562
80.625	403	80.650	563
80.675	403	80.700	564
80.726	404	80.752	563
80.776	405	80.802	562
80.827	406	80.853	560
80.878	406	80.903	561
80.929	408	80.954	558
80.979	410	81.005	554
81.030	412	81.056	551
81.080	415	81.106	547
81.132	416	81.157	545
81.182	420	81.207	543
81.233	418	81.259	541
81.283	422	81.309	540
81.334	421	81.360	540
81.384	420	81.410	540
81.436	421	81.461	540
81.486	420	81.511	541
81.537	419	81.563	543
81.587	419	81.613	546
81.638	417	81.664	548
81.689	414	81.714	550
81.740	415	81.765	554
81.790	411	81.816	555
81.841	409	81.867	557
81.891	408	81.917	560
81.943	407	81.968	561
81.993	407	82.018	559
82.044	405	82.070	562
82.094	406	82.120	561
82.145	406	82.171	560
82.195	406	82.221	560
82.247	409	82.272	557
82.297	412	82.322	555
82.348	412	82.374	551
82.398	413	82.424	549
82.449	416	82.475	546
82.500	417	82.525	546
82.551	418	82.576	544
82.601	420	82.627	542
82.652	419	82.678	541
82.702	418	82.728	541
82.754	418	82.779	541
82.804	419	82.829	542
82.855	418	82.881	543
82.905	417	82.931	546
82.956	416	82.982	548
83.006	415	83.032	551
83.058	413	83.083	553
83.108	411	83.133	552
83.159	410	83.185	556
83.209	409	83.235	557
83.260	409	83.286	560
83.311	407	83.336	559
83.362	407	83.387	559
83.413	408	83.438	559
83.463	407	83.489	559
83.514	407	83.539	559
83.565	411	83.590	557
83.616	410	83.640	556
83.666	410	83.692	553
83.717	413	83.742	550
83.767	414	83.793	549
83.819	415	83.843	547
83.869	417	83.894	545
83.920	418	83.944	545
83.970	418	83.996	543
84.021	419	84.046	544
84.071	418	84.097	542
84.123	418	84.147	544
84.173	418	84.198	544
84.224	418	84.249	545
84.274	414	84.300	547
84.325	415	84.350	547
84.376	413	84.401	551
84.427	412	84.451	553
84.477	412	84.503	555
84.528	410	84.553	554
84.578	411	84.604	556
84.630	409	84.654	559
84.680	409	84.705	557
84.731	406	84.755	559
84.781	409	84.807	558
84.832	409	84.857	557
84.882	410	84.908	555
84.934	410	84.958	555
84.984	413	85.009	553
85.035	414	85.060	552
85.085	414	85.111	551
85.136	414	85.161	550
85.187	416	85.212	547
85.238	416	85.262	546
85.288	417	85.314	545
85.339	417	85.364	545
85.389	418	85.415	545
85.441	417	85.465	544
85.491	417	85.516	547
85.542	416	85.566	547
85.592	415	85.618	546
85.643	415	85.668	550
85.693	414	85.719	550
85.745	414	85.769	552
85.795	413	85.820	553
85.846	411	85.871	554
85.896	411	85.922	555
85.947	411	85.972	556
85.998	411	86.023	555
86.049	411	86.073	555
86.099	410	86.125	559
86.150	411	86.175	556
86.200	411	86.226	556
86.252	412	86.276	555
86.302	412	86.327	553
86.353	414	86.377	552
86.403	414	86.429	551
86.454	417	86.480	550
86.504	417	86.530	550
86.556	414	86.581	548
86.606	415	86.631	547
86.657	416	86.683	549
86.707	416	86.733	545
86.758	417	86.784	545
86.809	415	86.834	550
86.860	415	86.885	552
86.910	415	86.936	547
86.961	414	86.987	550
87.011	414	87.037	551
87.063	413	87.088	551
87.113	412	87.138	552
87.164	412	87.190	554
87.214	412	87.240	554
87.265	411	87.291	555
87.315	412	87.341	554
87.367	412	87.392	555
87.417	412	87.442	556
87.468	413	87.494	554
87.518	412	87.544	553
87.569	412	87.595	557
87.620	414	87.645	553
87.671	414	87.696	551
87.721	415	87.747	550
87.772	415	87.798	550
87.822	415	87.848	549
87.874	413	87.899	549
87.924	415	87.949	549
87.975	417	88.001	548
88.025	415	88.051	548
88.076	415	88.102	548
88.126	414	88.152	549
88.178	415	88.203	549
88.228	414	88.253	549
88.279	415	88.305	552
88.329	413	88.355	551
88.380	413	88.406	552
88.431	413	88.456	552
88.482	413	88.507	553
88.532	413	88.558	553
88.583	413	88.609	553
88.633	413	88.659	554
88.685	412	88.710	553
88.735	414	88.760	555
88.786	412	88.812	554
88.836	415	88.862	552
88.887	414	88.913	552
88.937	413	88.963	555
88.989	415	89.014	553
89.039	414	89.064	552
89.090	415	89.116	552
89.140	415	89.166	550
89.191	416	89.217	546
89.242	415	89.267	549
89.293	414	89.318	550
89.343	414	89.369	549
89.394	413	89.420	547
89.444	415	89.470	550
89.496	413	89.521	550
89.546	413	89.571	550
89.597	415	89.623	551
89.647	414	89.673	550
89.698	413	89.724	552
89.749	414	89.774	553
89.800	413	89.825	554
89.850	413	89.875	551
89.901	414	89.927	552
89.951	414	89.977	552
90.002	414	90.028	553
90.053	414	90.078	553
90.104	415	90.129	551
90.154	414	90.180	552
90.205	415	90.231	551
90.255	411	90.281	552
90.307	413	90.332	551
90.357	415	90.382	549
90.408	415	90.434	550
90.458	414	90.484	551
90.509	414	90.535	550
90.560	414	90.585	550
90.611	414	90.636	548
90.661	412	90.686	550
90.712	413	90.738	547
90.762	414	90.788	551
90.813	413	90.839	551
90.864	413	90.889	551
90.915	413	90.940	552
90.966	414	90.991	552
91.016	414	91.042	551
91.067	414	91.092	553
91.118	414	91.143	551
91.169	413	91.193	552
91.219	415	91.245	550
