#Creator: pendulumviewEventBuffer
#Creation time: Thu Mar 30 09:56:21 2023
#Time A	Pos A	Time B	Pos B
#[s]	[au]	[s]	[au]
0.026	586	0.051	601
0.076	539	0.102	556
0.127	483	0.153	508
0.177	422	0.203	459
0.229	362	0.254	414
0.280	303	0.304	373
0.330	249	0.356	338
0.381	204	0.406	312
0.431	169	0.457	296
0.482	143	0.507	293
0.533	132	0.558	299
0.584	139	0.608	313
0.634	159	0.660	340
0.685	187	0.710	372
0.735	231	0.761	412
0.787	279	0.811	456
0.837	335	0.862	503
0.888	395	0.913	550
0.938	454	0.964	594
0.989	512	1.014	633
1.040	565	1.065	667
1.091	607	1.115	691
1.141	641	1.167	706
1.192	664	1.217	710
1.242	671	1.268	705
1.293	665	1.318	693
1.344	646	1.369	669
1.395	616	1.419	638
1.445	575	1.471	598
1.496	525	1.521	555
1.546	471	1.572	510
1.598	411	1.622	468
1.648	350	1.673	422
1.699	294	1.724	383
1.749	241	1.775	350
1.800	202	1.825	325
1.851	166	1.876	309
1.902	144	1.926	303
1.952	135	1.978	308
2.003	143	2.028	321
2.053	162	2.079	344
2.104	193	2.129	375
2.155	236	2.180	408
2.206	287	2.230	452
2.256	342	2.282	497
2.307	401	2.332	544
2.357	462	2.383	587
2.409	517	2.433	624
2.459	567	2.484	657
2.510	611	2.535	681
2.560	642	2.586	697
2.611	661	2.636	702
2.662	664	2.687	699
2.713	656	2.737	689
2.763	636	2.789	666
2.814	606	2.839	638
2.864	563	2.890	602
2.916	513	2.940	560
2.966	456	2.991	515
3.017	397	3.042	470
3.067	339	3.093	430
3.118	286	3.144	391
3.168	236	3.194	358
3.220	197	3.245	333
3.270	164	3.295	317
3.321	146	3.347	311
3.371	142	3.397	314
3.422	151	3.448	324
3.473	170	3.498	348
3.524	204	3.549	379
3.574	249	3.600	416
3.625	298	3.651	452
3.675	355	3.701	495
3.727	412	3.752	539
3.777	469	3.802	580
3.828	523	3.853	617
3.878	574	3.904	649
3.929	609	3.955	673
3.979	639	4.005	689
4.031	656	4.056	694
4.081	657	4.106	693
4.132	645	4.158	681
4.182	625	4.208	663
4.233	592	4.259	636
4.284	548	4.309	601
4.335	498	4.360	561
4.385	445	4.411	521
4.436	385	4.462	478
4.486	333	4.512	437
4.538	277	4.563	399
4.588	234	4.613	367
4.639	194	4.664	342
4.689	167	4.715	324
4.740	153	4.766	320
4.790	151	4.816	319
4.842	162	4.867	330
4.892	184	4.917	346
4.943	219	4.969	377
4.993	261	5.019	410
5.044	311	5.070	450
5.095	367	5.120	491
5.146	420	5.171	533
5.196	479	5.222	574
5.247	528	5.273	610
5.297	573	5.323	643
5.349	609	5.374	667
5.399	637	5.424	683
5.450	647	5.476	692
5.500	647	5.526	691
5.551	634	5.577	681
5.601	611	5.627	663
5.653	578	5.678	636
5.703	537	5.728	602
5.754	488	5.780	564
5.804	431	5.830	523
5.855	379	5.881	482
5.906	323	5.931	441
5.957	274	5.982	404
6.007	231	6.033	372
6.058	194	6.084	347
6.108	172	6.134	328
6.160	160	6.185	321
6.210	161	6.235	321
6.261	174	6.287	332
6.311	196	6.337	350
6.362	231	6.388	377
6.412	274	6.438	410
6.464	323	6.489	447
6.514	376	6.539	487
6.565	430	6.591	530
6.615	485	6.641	569
6.666	532	6.692	607
6.717	574	6.742	638
6.768	607	6.793	662
6.818	629	6.844	681
6.869	639	6.895	689
6.919	636	6.945	688
6.971	622	6.996	679
7.021	599	7.046	661
7.072	564	7.098	635
7.122	522	7.148	603
7.173	476	7.199	567
7.223	422	7.249	528
7.275	370	7.300	486
7.325	317	7.350	445
7.376	272	7.402	408
7.426	231	7.452	379
7.477	201	7.503	350
7.528	179	7.553	331
7.579	170	7.604	323
7.629	173	7.655	323
7.680	186	7.706	331
7.730	209	7.756	351
7.782	244	7.807	376
7.832	288	7.857	408
7.883	333	7.909	444
7.933	386	7.959	484
7.984	437	8.010	525
8.034	488	8.060	566
8.086	533	8.111	606
8.136	572	8.161	637
8.187	605	8.213	661
8.237	622	8.263	679
8.288	629	8.314	687
8.339	624	8.364	687
8.390	608	8.415	679
8.440	587	8.466	661
8.491	552	8.517	636
8.541	509	8.567	605
8.593	462	8.618	569
8.643	412	8.668	529
8.694	361	8.720	485
8.744	313	8.770	444
8.795	270	8.821	411
8.845	235	8.871	378
8.897	205	8.922	350
8.947	187	8.972	332
8.998	183	9.024	323
9.048	188	9.074	324
9.099	200	9.125	331
9.151	226	9.175	351
9.201	260	9.226	376
9.252	301	9.277	407
9.302	347	9.328	445
9.353	395	9.378	484
9.404	444	9.429	522
9.455	491	9.479	565
9.505	534	9.531	602
9.556	570	9.581	634
9.606	597	9.632	660
9.658	614	9.682	678
9.708	619	9.733	687
9.759	612	9.783	687
9.809	600	9.835	680
9.860	570	9.885	663
9.910	538	9.936	638
9.962	497	9.986	606
10.012	452	10.037	570
10.063	404	10.088	529
10.113	356	10.139	486
10.164	310	10.189	447
10.215	270	10.240	410
10.266	237	10.290	377
10.316	212	10.342	349
10.367	195	10.392	332
10.417	195	10.443	323
10.469	197	10.493	322
10.519	215	10.544	332
10.570	239	10.594	350
10.620	273	10.646	374
10.671	312	10.696	407
10.721	357	10.747	446
10.773	403	10.797	482
10.823	450	10.848	526
10.874	493	10.899	566
10.924	533	10.950	604
10.975	566	11.000	638
11.026	589	11.051	663
11.077	602	11.101	680
11.127	606	11.153	688
11.178	600	11.203	688
11.228	582	11.254	680
11.280	558	11.304	664
11.330	526	11.355	637
11.381	486	11.405	603
11.431	442	11.457	568
11.482	398	11.507	526
11.532	354	11.558	485
11.584	310	11.608	446
11.634	273	11.659	408
11.685	243	11.710	376
11.735	220	11.761	349
11.786	207	11.811	330
11.837	205	11.862	321
11.888	211	11.912	323
11.938	227	11.964	331
11.989	252	12.014	349
12.039	284	12.065	375
12.091	323	12.115	407
12.141	366	12.166	445
12.192	409	12.216	486
12.242	453	12.268	528
12.293	495	12.319	568
12.343	530	12.369	607
12.395	559	12.420	639
12.445	581	12.470	664
12.496	591	12.522	682
12.546	595	12.572	689
12.597	587	12.623	687
12.648	571	12.673	680
12.699	546	12.724	664
12.749	514	12.775	636
12.800	477	12.826	602
12.850	436	12.876	568
12.902	393	12.927	526
12.952	351	12.977	483
13.003	311	13.029	443
13.053	277	13.079	405
13.104	249	13.130	372
13.154	226	13.180	346
13.206	217	13.231	327
13.256	216	13.281	320
13.307	223	13.333	320
13.357	241	13.383	329
13.408	264	13.434	349
13.459	294	13.484	378
13.510	332	13.535	412
13.560	371	13.586	450
13.611	411	13.637	489
13.661	454	13.687	532
13.713	490	13.738	572
13.763	525	13.788	610
13.814	552	13.840	642
13.864	572	13.890	667
13.915	581	13.941	683
13.965	583	13.991	690
14.017	576	14.042	689
14.067	559	14.092	680
14.118	536	14.144	660
14.168	506	14.194	634
14.219	469	14.245	600
14.270	430	14.295	562
14.321	391	14.346	520
14.371	353	14.397	479
14.422	313	14.448	437
14.472	281	14.498	401
14.524	257	14.549	368
14.574	238	14.599	344
14.625	229	14.651	326
14.675	228	14.701	319
14.726	235	14.752	322
14.776	252	14.802	331
14.828	274	14.853	355
14.878	305	14.903	381
14.929	339	14.955	415
14.979	375	15.005	454
15.030	416	15.056	496
15.081	455	15.106	537
15.132	489	15.157	578
15.182	520	15.208	614
15.233	545	15.259	646
15.283	563	15.309	672
15.335	571	15.360	684
15.385	572	15.410	691
15.436	565	15.462	688
15.486	549	15.512	678
15.537	526	15.563	657
15.588	497	15.613	630
15.639	463	15.664	596
15.689	426	15.714	557
15.740	391	15.766	515
15.790	349	15.816	474
15.841	317	15.867	433
15.892	288	15.917	396
15.943	264	15.968	363
15.993	248	16.019	344
16.044	241	16.070	325
16.094	239	16.120	318
16.146	245	16.171	323
16.196	261	16.221	335
16.247	283	16.273	357
16.297	311	16.323	385
16.348	344	16.374	421
16.399	378	16.424	460
16.450	416	16.475	501
16.500	451	16.525	544
16.551	486	16.577	584
16.601	514	16.627	619
16.652	538	16.678	650
16.703	554	16.728	671
16.754	561	16.779	686
16.805	562	16.830	689
16.855	555	16.881	687
16.906	540	16.931	676
16.957	519	16.982	653
17.008	490	17.032	626
17.058	458	17.084	590
17.109	427	17.134	551
17.159	390	17.185	508
17.211	356	17.235	467
17.261	323	17.286	428
17.312	294	17.336	391
17.362	272	17.388	359
17.413	256	17.438	337
17.463	248	17.489	325
17.515	248	17.539	321
17.565	254	17.590	325
17.616	270	17.641	340
17.666	292	17.692	362
17.717	316	17.742	392
17.768	348	17.793	428
17.819	381	17.843	467
17.869	416	17.895	512
17.920	449	17.945	552
17.970	481	17.996	591
18.022	508	18.046	627
18.072	530	18.097	653
18.123	545	18.148	674
18.173	553	18.199	686
18.224	555	18.249	689
18.274	546	18.300	684
18.326	532	18.350	670
18.376	511	18.401	648
18.427	486	18.452	618
18.477	456	18.503	579
18.528	424	18.553	541
18.579	390	18.604	500
18.630	357	18.654	461
18.680	327	18.706	420
18.731	302	18.756	386
18.781	280	18.807	358
18.833	265	18.857	336
18.883	257	18.908	325
18.934	257	18.959	323
18.984	262	19.010	329
19.035	276	19.060	345
19.085	296	19.111	369
19.137	321	19.161	399
19.187	351	19.212	436
19.238	382	19.263	475
19.288	415	19.314	518
19.339	446	19.364	558
19.390	475	19.415	596
19.441	501	19.465	630
19.491	522	19.517	656
19.542	536	19.567	674
19.592	546	19.618	686
19.644	546	19.668	687
19.694	541	19.719	680
19.745	527	19.770	665
19.795	508	19.821	641
19.846	484	19.872	610
19.896	455	19.922	574
19.948	424	19.973	531
19.998	393	20.023	492
20.049	361	20.075	452
20.099	333	20.125	415
20.150	309	20.176	381
20.201	288	20.226	355
20.252	273	20.277	336
20.302	265	20.328	327
20.353	263	20.379	326
20.403	270	20.429	334
20.455	280	20.480	352
20.505	301	20.530	376
20.556	324	20.582	410
20.606	351	20.632	444
20.657	380	20.683	481
20.708	412	20.733	526
20.759	443	20.784	566
20.809	473	20.834	602
20.860	497	20.886	633
20.910	517	20.936	658
20.961	531	20.987	676
21.012	540	21.037	683
21.063	541	21.088	683
21.113	534	21.139	676
21.164	523	21.190	659
21.214	504	21.240	633
21.266	482	21.291	602
21.316	455	21.341	564
21.367	425	21.393	526
21.417	396	21.443	486
21.468	366	21.494	446
21.519	337	21.544	410
21.570	313	21.595	379
21.620	294	21.645	354
21.671	278	21.697	337
21.721	270	21.747	329
21.772	270	21.798	331
21.823	273	21.848	341
21.874	286	21.899	361
21.924	304	21.950	385
21.975	324	22.001	418
22.025	351	22.051	454
22.077	380	22.102	493
22.127	410	22.152	534
22.178	439	22.204	571
22.228	466	22.254	607
22.279	491	22.305	637
22.330	512	22.355	659
22.381	525	22.406	674
22.431	534	22.456	680
22.482	535	22.508	679
22.532	531	22.558	669
22.583	520	22.609	650
22.634	503	22.659	625
22.685	481	22.710	593
22.735	456	22.761	555
22.786	428	22.812	517
22.836	398	22.862	479
22.888	369	22.913	440
22.938	344	22.963	405
22.989	317	23.015	376
23.039	298	23.065	354
23.090	284	23.116	339
23.141	276	23.166	336
23.192	274	23.217	339
23.242	277	23.268	349
23.293	288	23.319	366
23.343	306	23.369	397
23.394	325	23.420	429
23.445	351	23.470	463
23.496	376	23.521	502
23.547	409	23.572	540
23.597	437	23.623	578
23.648	463	23.673	610
23.699	486	23.724	638
23.750	508	23.774	659
23.800	521	23.826	672
23.851	531	23.876	676
23.901	532	23.927	672
23.953	528	23.977	658
24.003	518	24.028	640
24.054	502	24.079	614
24.104	481	24.130	582
24.155	458	24.180	546
24.205	430	24.231	508
24.257	400	24.281	471
24.307	370	24.332	435
24.358	346	24.383	403
24.408	321	24.434	376
24.459	302	24.484	355
24.510	288	24.535	344
24.561	279	24.585	338
24.611	276	24.637	344
24.662	280	24.687	357
24.712	290	24.738	379
24.764	306	24.788	404
24.814	326	24.839	436
24.865	352	24.890	473
24.915	377	24.941	510
24.966	408	24.991	548
25.016	434	25.042	582
25.068	459	25.092	613
25.118	484	25.143	638
25.169	504	25.194	656
25.219	518	25.245	668
25.270	528	25.295	667
25.321	531	25.346	665
25.372	527	25.396	651
25.422	518	25.448	632
25.473	502	25.498	603
25.523	483	25.549	572
25.575	458	25.599	537
25.625	433	25.650	499
25.676	402	25.701	464
25.726	375	25.752	429
25.777	348	25.802	400
25.828	325	25.853	375
25.879	304	25.903	358
25.929	290	25.954	349
25.980	281	26.005	346
26.030	278	26.056	351
26.081	281	26.106	367
26.132	290	26.157	389
26.183	307	26.207	416
26.233	327	26.259	447
26.284	350	26.309	482
26.334	379	26.360	518
26.386	401	26.410	553
26.436	433	26.461	585
26.487	459	26.512	614
26.537	482	26.563	639
26.588	503	26.614	655
26.639	519	26.664	661
26.690	527	26.715	664
26.740	531	26.765	654
26.791	527	26.817	643
26.841	518	26.867	621
26.892	503	26.918	594
26.943	482	26.968	562
26.994	459	27.019	530
27.044	431	27.070	493
27.095	404	27.121	457
27.145	376	27.171	427
27.197	349	27.222	399
27.247	325	27.272	379
27.298	306	27.324	362
27.348	290	27.374	353
27.399	283	27.425	353
27.450	279	27.475	361
27.501	282	27.526	377
27.551	292	27.576	398
27.602	307	27.628	425
27.652	328	27.678	458
27.703	349	27.729	490
27.754	378	27.779	525
27.805	405	27.830	558
27.855	432	27.881	586
27.906	459	27.932	612
27.956	483	27.982	635
28.008	503	28.033	649
28.058	517	28.083	654
28.109	527	28.135	654
28.159	529	28.185	648
28.210	527	28.236	631
28.261	518	28.286	611
28.312	503	28.337	584
28.362	483	28.388	554
28.413	459	28.439	521
28.463	432	28.489	488
28.514	406	28.540	456
28.565	376	28.590	426
28.616	349	28.641	399
28.666	326	28.692	381
28.717	307	28.743	367
28.767	290	28.793	360
28.819	282	28.844	361
28.869	278	28.894	371
28.920	281	28.946	386
28.970	293	28.996	409
29.021	306	29.047	434
29.072	325	29.097	464
29.123	349	29.148	498
29.173	377	29.199	529
29.224	405	29.250	561
29.274	434	29.300	585
29.325	460	29.351	613
29.376	483	29.401	631
29.427	505	29.452	641
29.477	518	29.503	649
29.528	528	29.554	647
29.578	531	29.604	639
29.630	529	29.655	623
29.680	518	29.705	601
29.731	503	29.757	576
29.781	483	29.807	547
29.832	458	29.858	514
29.883	432	29.908	485
29.934	403	29.959	453
29.984	377	30.010	428
30.035	348	30.061	401
30.085	324	30.111	385
30.136	304	30.162	374
30.187	288	30.212	369
30.238	281	30.263	371
30.288	278	30.314	380
30.339	284	30.365	396
30.389	292	30.415	417
30.441	307	30.466	443
30.491	326	30.516	471
30.542	351	30.568	502
30.592	378	30.618	533
30.643	407	30.669	561
30.694	435	30.719	590
30.745	461	30.770	609
30.795	486	30.821	626
30.846	506	30.872	637
30.896	520	30.922	641
30.948	530	30.973	638
30.998	531	31.023	629
31.049	527	31.074	613
31.099	519	31.125	595
31.150	503	31.176	569
31.200	481	31.226	540
31.252	456	31.277	512
31.302	429	31.327	482
31.353	401	31.379	451
31.403	373	31.429	428
31.454	346	31.480	408
31.505	322	31.530	390
31.556	302	31.581	382
31.606	289	31.632	377
31.657	281	31.683	380
31.707	281	31.733	389
31.759	282	31.784	405
31.809	293	31.834	426
31.860	309	31.885	450
31.910	330	31.936	478
31.961	354	31.987	508
32.011	382	32.037	535
32.063	410	32.088	560
32.113	439	32.138	588
32.164	465	32.190	606
32.214	489	32.240	621
32.265	508	32.291	630
32.316	521	32.341	633
32.367	532	32.392	630
32.417	533	32.443	620
32.468	528	32.494	606
32.518	516	32.544	585
32.570	502	32.595	562
32.620	479	32.645	536
32.671	455	32.696	508
32.721	427	32.747	479
32.772	398	32.798	452
32.822	369	32.848	432
32.874	342	32.899	411
32.924	318	32.949	396
32.975	299	33.001	389
33.025	287	33.051	385
33.076	281	33.102	389
33.127	279	33.152	399
33.178	284	33.203	414
33.228	295	33.254	433
33.279	311	33.305	455
33.329	333	33.355	483
33.381	357	33.406	510
33.431	385	33.456	537
33.482	414	33.508	563
33.532	443	33.558	585
33.583	469	33.609	601
33.633	490	33.659	615
33.685	510	33.710	623
33.735	525	33.760	625
33.786	532	33.812	622
33.836	534	33.862	612
33.887	527	33.913	597
33.938	515	33.963	578
33.989	498	34.014	555
34.039	476	34.065	530
34.090	451	34.116	507
34.140	423	34.166	480
34.192	394	34.217	455
34.242	367	34.267	434
34.293	340	34.319	416
34.343	315	34.369	403
34.394	297	34.420	395
34.444	283	34.470	393
34.496	279	34.521	397
34.546	276	34.571	406
34.597	284	34.623	420
34.647	297	34.673	440
34.698	314	34.724	462
34.749	336	34.774	489
34.800	362	34.825	512
34.850	391	34.876	535
34.901	419	34.927	559
34.951	446	34.977	579
35.003	472	35.028	596
35.053	497	35.078	609
35.104	512	35.130	616
35.154	527	35.180	617
35.205	531	35.231	614
35.255	532	35.281	605
35.307	525	35.332	591
35.357	512	35.382	573
35.408	494	35.434	556
35.458	471	35.484	530
35.509	446	35.535	504
35.560	418	35.585	480
35.611	389	35.636	458
35.661	359	35.687	438
35.712	335	35.738	421
35.762	314	35.788	410
35.814	297	35.839	403
35.864	283	35.889	400
35.915	278	35.941	404
35.965	278	35.991	413
36.016	288	36.042	429
36.066	301	36.092	445
36.118	319	36.143	462
36.169	341	36.193	487
36.219	369	36.245	511
36.270	396	36.295	535
36.320	424	36.346	557
36.372	451	36.396	576
36.422	476	36.447	592
36.473	498	36.498	602
36.523	516	36.549	610
36.574	526	36.599	613
36.625	532	36.650	607
36.676	531	36.700	598
36.726	522	36.752	582
36.777	509	36.802	568
36.827	490	36.853	549
36.879	467	36.903	528
36.929	440	36.954	504
36.980	411	37.004	482
37.030	383	37.056	461
37.081	357	37.106	442
37.131	330	37.157	427
37.183	312	37.207	415
37.233	295	37.258	410
37.284	284	37.309	407
37.334	280	37.360	408
37.385	284	37.410	418
37.436	291	37.461	430
37.487	306	37.511	449
37.537	324	37.563	468
37.588	347	37.613	488
37.638	373	37.664	512
37.690	401	37.714	532
37.740	429	37.765	553
37.791	458	37.815	571
37.841	482	37.867	587
37.892	500	37.917	597
37.942	518	37.968	603
37.994	528	38.018	605
38.044	532	38.069	602
38.095	527	38.120	595
38.145	519	38.171	580
38.196	504	38.221	562
38.247	484	38.272	547
38.298	460	38.322	527
38.348	435	38.374	505
38.399	409	38.424	484
38.449	379	38.475	464
38.501	350	38.525	447
38.551	328	38.576	431
38.602	305	38.626	419
38.652	294	38.678	414
38.703	285	38.728	412
38.753	282	38.779	418
38.805	284	38.829	424
38.855	295	38.880	433
38.906	310	38.931	450
38.956	331	38.982	469
39.007	354	39.032	489
39.058	381	39.083	511
39.109	408	39.134	530
39.159	437	39.185	550
39.210	463	39.236	567
39.260	485	39.286	583
39.312	504	39.337	591
39.362	518	39.387	596
39.413	526	39.439	601
39.463	529	39.489	598
39.514	524	39.540	590
39.564	513	39.590	579
39.616	498	39.641	565
39.666	478	39.691	547
39.717	455	39.743	527
39.767	428	39.793	506
39.818	401	39.844	487
39.869	372	39.894	466
39.920	347	39.945	451
39.970	325	39.996	437
40.021	308	40.047	426
40.071	294	40.097	418
40.123	286	40.148	414
40.173	285	40.198	420
40.224	289	40.250	428
40.274	302	40.300	438
40.325	315	40.351	451
40.375	338	40.401	469
40.427	359	40.452	490
40.477	389	40.502	508
40.528	415	40.554	528
40.578	441	40.604	547
40.629	467	40.655	563
40.680	488	40.705	578
40.731	506	40.756	587
40.781	518	40.807	594
40.832	525	40.858	599
40.882	525	40.908	592
40.934	520	40.959	587
40.984	507	41.009	576
41.035	493	41.061	563
41.085	472	41.111	546
41.136	447	41.162	528
41.186	420	41.212	509
41.238	394	41.263	490
41.288	368	41.313	468
41.339	343	41.365	454
41.389	323	41.415	443
41.440	307	41.466	429
41.491	295	41.516	425
41.542	289	41.567	420
41.592	289	41.618	422
41.643	296	41.669	430
41.693	307	41.719	439
41.745	325	41.770	452
41.795	343	41.820	470
41.846	371	41.872	487
41.896	394	41.922	506
41.947	421	41.973	527
41.997	447	42.023	544
42.049	470	42.074	559
42.099	490	42.124	573
42.150	506	42.176	585
42.200	517	42.226	590
42.251	522	42.277	592
42.302	522	42.327	591
42.353	514	42.378	585
42.404	501	42.429	576
42.454	482	42.480	562
42.505	462	42.530	547
42.556	441	42.581	529
42.607	415	42.631	510
42.657	388	42.683	489
42.708	363	42.733	472
42.758	341	42.784	457
42.810	321	42.834	441
42.860	306	42.885	432
42.911	297	42.935	423
42.961	293	42.987	423
43.012	294	43.037	424
43.062	303	43.088	430
43.114	311	43.138	441
43.164	331	43.189	453
43.215	353	43.240	469
43.265	374	43.291	486
43.316	401	43.341	504
43.367	427	43.392	521
43.418	450	43.442	541
43.468	472	43.494	555
43.519	491	43.544	571
43.569	505	43.595	584
43.621	515	43.645	589
43.671	519	43.696	590
43.722	518	43.746	590
43.772	508	43.798	585
43.823	499	43.848	575
43.873	477	43.899	562
43.925	456	43.949	547
43.975	433	44.000	530
44.026	409	44.051	510
44.076	382	44.102	493
44.127	359	44.152	476
44.178	339	44.203	459
44.229	321	44.253	444
44.279	309	44.305	433
44.330	299	44.355	427
44.380	297	44.406	424
44.432	301	44.456	425
44.482	308	44.507	431
44.533	319	44.557	440
44.583	339	44.609	454
44.634	359	44.659	469
44.684	383	44.710	484
44.736	407	44.760	504
44.786	431	44.811	522
44.837	454	44.862	540
44.887	475	44.913	555
44.938	491	44.963	569
44.989	504	45.014	581
45.040	511	45.064	588
45.090	515	45.116	591
45.141	511	45.166	589
45.191	501	45.217	584
45.243	488	45.267	575
45.293	470	45.318	562
45.344	449	45.368	547
45.394	427	45.420	532
45.445	403	45.471	513
45.495	380	45.521	489
45.547	357	45.572	474
45.597	337	45.622	462
45.648	322	45.674	446
45.698	310	45.724	435
45.749	303	45.775	428
45.800	304	45.825	425
45.851	307	45.876	426
45.901	315	45.927	432
45.952	329	45.978	441
46.002	346	46.028	453
46.054	369	46.079	467
46.104	389	46.129	486
46.155	413	46.181	504
46.205	435	46.231	521
46.256	457	46.282	541
46.306	475	46.332	558
46.358	489	46.383	570
46.408	500	46.433	581
46.459	507	46.485	587
46.509	506	46.535	591
46.560	504	46.586	589
46.611	495	46.636	584
46.662	481	46.687	575
46.712	464	46.738	562
46.763	444	46.789	544
46.813	421	46.839	530
46.865	399	46.890	508
46.915	377	46.940	490
46.966	355	46.992	476
47.016	338	47.042	460
47.067	324	47.093	445
47.117	315	47.143	435
47.169	309	47.194	428
47.219	311	47.244	425
47.270	312	47.296	425
47.320	323	47.346	431
47.371	336	47.397	441
47.422	353	47.447	453
47.473	372	47.498	467
47.523	395	47.549	489
47.574	417	47.600	506
47.624	438	47.650	523
47.676	460	47.701	541
47.726	474	47.751	557
47.777	488	47.803	570
47.827	498	47.853	581
47.878	502	47.904	588
47.928	501	47.954	591
47.980	496	48.005	590
48.030	488	48.055	584
48.081	473	48.107	576
48.131	457	48.157	563
48.182	438	48.208	547
48.233	416	48.258	533
48.284	394	48.309	511
48.334	374	48.360	493
48.385	356	48.411	476
48.435	338	48.461	459
48.487	328	48.512	445
48.537	318	48.562	435
48.588	314	48.614	428
48.638	317	48.664	426
48.689	321	48.715	426
48.740	330	48.765	433
48.791	343	48.816	439
48.841	360	48.866	454
48.892	380	48.918	471
48.942	399	48.968	487
48.993	419	49.019	506
49.044	440	49.069	524
49.095	459	49.120	542
49.145	472	49.171	559
49.196	486	49.222	570
49.246	496	49.272	582
49.298	497	49.323	588
49.348	495	49.373	591
49.399	490	49.425	590
49.449	480	49.475	582
49.500	467	49.526	574
49.551	451	49.576	559
49.602	432	49.627	545
49.652	412	49.677	527
49.703	394	49.729	510
49.753	375	49.779	492
49.804	355	49.830	473
49.855	343	49.880	458
49.906	331	49.931	443
49.957	323	49.982	433
50.007	321	50.033	426
50.058	321	50.083	425
50.109	326	50.134	426
50.160	337	50.184	433
50.210	350	50.236	443
50.261	366	50.286	454
50.311	381	50.337	468
50.363	402	50.387	488
50.413	421	50.438	507
50.464	439	50.488	526
50.514	458	50.540	544
50.565	470	50.590	560
50.615	480	50.641	574
50.667	490	50.691	583
50.717	491	50.742	589
50.768	491	50.793	591
50.818	484	50.844	590
50.869	475	50.894	587
50.920	461	50.945	573
50.971	445	50.995	560
51.021	427	51.047	543
51.072	409	51.097	526
51.122	391	51.148	508
51.174	376	51.198	488
51.224	358	51.249	471
51.275	344	51.300	456
51.325	337	51.351	442
51.376	328	51.401	432
51.426	326	51.452	429
51.478	329	51.502	423
51.528	334	51.553	427
51.579	343	51.604	432
51.629	356	51.655	442
51.680	371	51.705	460
51.731	388	51.756	474
51.782	405	51.806	491
51.832	422	51.858	510
51.883	438	51.908	529
51.933	455	51.959	547
51.985	468	52.009	562
52.035	477	52.060	573
52.086	484	52.111	584
52.136	485	52.162	591
52.187	483	52.212	592
52.237	477	52.263	587
52.289	468	52.313	584
52.339	456	52.364	573
52.390	442	52.415	558
52.440	425	52.466	541
52.491	408	52.516	523
52.542	390	52.567	505
52.593	377	52.617	487
52.643	360	52.669	470
52.694	349	52.719	453
52.744	339	52.770	438
52.796	333	52.820	431
52.846	332	52.871	425
52.897	335	52.922	425
52.947	339	52.973	428
52.998	350	53.024	435
53.048	361	53.074	445
53.100	375	53.125	461
53.150	390	53.175	477
53.201	407	53.227	494
53.251	423	53.277	513
53.302	439	53.328	532
53.353	454	53.378	550
53.404	466	53.429	565
53.454	472	53.480	576
53.505	479	53.531	585
53.555	480	53.581	591
53.607	478	53.632	591
53.657	472	53.682	586
53.708	463	53.734	579
53.758	453	53.784	569
53.809	438	53.835	555
53.860	422	53.885	539
53.911	405	53.936	520
53.961	391	53.986	501
54.012	376	54.038	481
54.062	364	54.088	466
54.113	352	54.139	449
54.164	345	54.189	437
54.215	339	54.240	430
54.265	338	54.291	424
54.316	339	54.342	425
54.366	345	54.392	428
54.418	355	54.443	438
54.468	366	54.493	449
54.519	374	54.545	463
54.569	392	54.595	481
54.620	409	54.646	498
54.671	423	54.696	516
54.722	438	54.747	536
54.772	450	54.797	552
54.823	460	54.849	567
54.873	469	54.899	577
54.924	473	54.950	586
54.975	476	55.000	589
55.026	473	55.051	591
55.076	467	55.102	586
55.127	460	55.153	577
55.177	449	55.203	565
55.229	434	55.254	551
55.279	423	55.304	533
55.330	407	55.356	515
55.380	393	55.406	497
55.431	377	55.457	477
55.482	367	55.507	464
55.533	356	55.558	448
55.583	349	55.608	436
55.634	344	55.660	429
55.684	342	55.710	423
55.735	345	55.761	427
55.786	350	55.811	432
55.837	358	55.862	440
55.887	370	55.913	453
55.938	380	55.964	468
55.988	396	56.014	485
56.040	407	56.065	503
56.090	423	56.115	521
56.141	435	56.167	540
56.191	448	56.217	555
56.242	456	56.268	570
56.293	464	56.318	583
56.344	468	56.369	586
56.394	469	56.420	589
56.445	469	56.471	588
56.495	465	56.521	583
56.546	456	56.572	574
56.597	446	56.622	561
56.648	432	56.673	546
56.699	421	56.724	529
56.749	407	56.775	511
56.800	393	56.825	492
56.851	381	56.876	476
56.902	370	56.926	458
56.952	360	56.978	446
57.003	353	57.028	439
57.053	349	57.079	430
57.105	348	57.129	429
57.155	350	57.180	430
57.206	353	57.231	435
57.256	361	57.282	445
57.307	372	57.332	457
57.357	383	57.383	473
57.409	394	57.433	490
57.459	407	57.484	507
57.510	421	57.535	523
57.560	432	57.586	541
57.611	444	57.636	556
57.662	453	57.687	569
57.713	461	57.737	579
57.763	465	57.789	586
57.814	466	57.839	586
57.864	465	57.890	585
57.916	459	57.940	580
57.966	457	57.991	569
58.017	445	58.042	556
58.067	435	58.093	539
58.118	421	58.143	524
58.168	408	58.194	507
58.220	395	58.244	488
58.270	383	58.295	471
58.321	372	58.346	457
58.371	361	58.397	445
58.422	357	58.447	436
58.473	352	58.498	430
58.524	350	58.548	430
58.574	353	58.600	433
58.625	353	58.650	440
58.675	362	58.701	449
58.727	371	58.751	462
58.777	383	58.802	479
58.828	394	58.853	493
58.878	407	58.904	514
58.929	419	58.954	530
58.980	431	59.005	542
59.031	441	59.055	561
59.081	450	59.106	572
59.132	457	59.157	579
59.182	463	59.208	584
59.233	465	59.258	585
59.284	463	59.309	581
59.335	458	59.359	577
59.385	450	59.411	565
59.436	443	59.461	551
59.486	432	59.512	536
59.538	421	59.562	520
59.588	409	59.613	503
59.639	398	59.664	485
59.689	386	59.715	466
59.740	375	59.766	457
59.791	367	59.816	446
59.842	360	59.867	438
59.892	354	59.917	431
59.943	353	59.969	432
59.993	355	60.019	436
60.044	361	60.070	444
60.095	366	60.120	455
60.146	373	60.171	466
60.196	383	60.222	482
60.247	394	60.273	499
60.297	406	60.323	518
60.349	418	60.374	534
60.399	429	60.424	548
60.450	439	60.476	563
60.500	448	60.526	571
60.551	455	60.577	579
60.602	460	60.627	582
60.653	459	60.678	581
60.703	459	60.728	578
60.754	455	60.780	570
60.804	450	60.830	558
60.855	442	60.881	546
60.906	433	60.931	531
60.957	422	60.982	517
61.007	410	61.033	498
61.058	399	61.084	479
61.108	390	61.134	468
61.160	378	61.185	454
61.210	370	61.235	445
61.261	361	61.287	438
61.311	357	61.337	435
61.362	355	61.388	435
61.413	357	61.438	440
61.464	360	61.489	448
61.514	366	61.540	459
61.565	374	61.591	475
61.615	383	61.641	487
61.666	394	61.692	505
61.717	405	61.742	520
61.768	415	61.793	536
61.818	427	61.844	551
61.869	438	61.895	562
61.919	446	61.945	571
61.971	452	61.996	577
62.021	456	62.046	579
62.072	461	62.098	576
62.122	459	62.148	573
62.173	456	62.199	563
62.224	450	62.249	554
62.275	442	62.300	543
62.325	433	62.351	526
62.376	423	62.402	511
62.426	411	62.452	493
62.477	400	62.503	479
62.528	389	62.553	465
62.579	380	62.604	454
62.629	370	62.655	447
62.680	363	62.706	440
62.730	358	62.756	439
62.782	356	62.807	439
62.832	358	62.857	445
62.883	361	62.909	454
62.933	366	62.959	468
62.984	374	63.010	479
63.035	383	63.060	492
63.086	393	63.111	507
63.136	404	63.162	526
63.187	416	63.213	538
63.237	426	63.263	552
63.288	437	63.314	561
63.339	444	63.364	569
63.390	453	63.415	575
63.440	456	63.466	575
63.491	458	63.517	573
63.541	458	63.567	568
63.593	455	63.618	559
63.643	450	63.668	549
63.694	442	63.720	534
63.744	433	63.770	522
63.795	423	63.821	506
63.846	414	63.871	491
63.897	401	63.922	477
63.947	392	63.973	465
63.998	381	64.024	457
64.048	370	64.074	448
64.100	364	64.125	444
64.150	360	64.175	443
64.201	358	64.226	445
64.251	359	64.277	452
64.302	362	64.328	458
64.352	368	64.378	472
64.404	374	64.429	486
64.454	383	64.479	499
64.505	393	64.531	512
64.555	405	64.581	527
64.606	416	64.632	541
64.657	426	64.682	553
64.708	436	64.733	561
64.758	446	64.784	567
64.809	452	64.835	571
64.859	455	64.885	573
64.911	457	64.936	568
64.961	458	64.986	562
65.012	455	65.037	555
65.062	449	65.088	545
65.113	443	65.139	529
65.163	434	65.189	517
65.215	423	65.240	503
65.265	412	65.290	490
65.316	400	65.342	476
65.366	393	65.392	464
65.417	380	65.443	457
65.468	372	65.493	450
65.519	366	65.544	447
65.569	361	65.595	448
65.620	359	65.646	451
65.670	359	65.696	458
65.722	363	65.747	466
65.772	367	65.797	478
65.823	374	65.848	489
65.873	384	65.899	502
65.924	395	65.950	514
65.974	404	66.000	529
66.026	416	66.051	541
66.076	427	66.101	549
66.127	438	66.153	559
66.177	444	66.203	566
66.228	452	66.254	567
66.279	456	66.304	567
66.330	457	66.355	564
66.380	458	66.406	556
66.431	457	66.457	551
66.481	449	66.507	539
66.533	442	66.558	527
66.583	434	66.608	514
66.634	423	66.660	501
66.684	413	66.710	487
66.735	401	66.761	476
66.785	391	66.811	466
66.837	380	66.862	455
66.887	371	66.912	456
66.938	366	66.964	451
66.988	361	67.014	451
67.039	359	67.065	455
67.090	360	67.115	463
67.141	364	67.166	471
67.191	368	67.217	480
67.242	376	67.268	492
67.292	384	67.318	505
67.344	394	67.369	518
67.394	406	67.419	530
67.445	415	67.471	540
67.495	428	67.521	550
67.546	437	67.572	558
67.596	445	67.622	564
67.648	452	67.673	564
67.698	456	67.723	561
67.749	458	67.775	557
67.799	457	67.825	555
67.850	454	67.876	544
67.901	448	67.926	536
67.952	441	67.977	522
68.002	433	68.028	510
68.053	421	68.079	498
68.103	412	68.129	488
68.155	400	68.180	477
68.205	390	68.230	469
68.256	380	68.282	461
68.306	372	68.332	458
68.357	365	68.383	460
68.407	358	68.433	455
68.459	360	68.484	462
68.509	360	68.534	468
68.560	364	68.586	475
68.610	371	68.636	484
68.661	374	68.687	496
68.713	388	68.737	508
68.763	398	68.788	520
68.814	407	68.839	530
68.864	418	68.890	541
68.915	429	68.940	551
68.966	438	68.991	555
69.017	447	69.041	558
69.067	453	69.093	562
69.118	456	69.143	558
69.168	459	69.194	554
69.220	458	69.244	549
69.270	454	69.295	540
69.321	448	69.345	530
69.371	440	69.397	520
69.422	432	69.447	507
69.472	423	69.498	497
69.524	409	69.548	486
69.574	398	69.599	481
69.625	388	69.650	470
69.675	379	69.701	464
69.726	372	69.751	462
69.777	365	69.802	461
69.828	360	69.852	462
69.878	360	69.904	463
69.929	361	69.954	472
69.979	364	70.005	480
70.031	371	70.055	489
70.081	379	70.106	497
70.132	390	70.156	509
70.182	398	70.208	521
70.233	406	70.258	526
70.283	420	70.309	538
70.335	430	70.359	545
70.385	440	70.410	551
70.436	448	70.461	555
70.486	454	70.512	553
70.537	458	70.562	556
70.588	456	70.613	549
70.639	457	70.663	543
70.689	451	70.715	536
70.740	446	70.765	527
70.790	440	70.816	517
70.842	429	70.866	507
70.892	419	70.917	497
70.943	407	70.967	486
70.993	397	71.019	479
71.044	386	71.069	472
71.094	377	71.120	468
71.146	370	71.170	465
71.196	365	71.221	464
71.247	362	71.272	467
71.297	358	71.323	470
71.348	363	71.373	476
71.399	366	71.424	484
71.450	371	71.474	492
71.500	382	71.526	501
71.551	389	71.576	514
71.601	400	71.627	521
71.653	411	71.677	528
71.703	422	71.728	536
71.754	432	71.778	546
71.804	442	71.830	546
71.855	449	71.881	550
71.905	454	71.931	550
71.957	458	71.982	548
72.007	458	72.032	545
72.058	455	72.084	540
72.108	450	72.134	532
72.159	446	72.185	524
72.210	437	72.235	516
72.261	426	72.286	506
72.311	417	72.337	494
72.362	407	72.388	489
72.412	394	72.438	480
72.464	385	72.489	474
72.514	377	72.539	471
72.565	369	72.591	470
72.615	365	72.641	468
72.666	362	72.692	471
72.716	361	72.742	474
72.768	361	72.793	479
72.818	369	72.843	486
72.869	376	72.895	494
72.919	383	72.945	501
72.970	392	72.996	511
73.021	403	73.046	519
73.072	413	73.097	529
73.122	424	73.148	535
73.173	434	73.199	538
73.223	444	73.249	544
73.275	450	73.300	546
73.325	454	73.350	545
73.376	455	73.402	544
73.426	457	73.452	541
73.477	454	73.503	537
73.527	447	73.553	529
73.579	444	73.604	523
73.629	433	73.654	514
73.680	424	73.706	509
73.730	414	73.756	500
73.781	403	73.807	490
73.832	392	73.857	484
73.883	384	73.908	479
73.933	377	73.959	475
73.984	369	74.010	472
74.034	366	74.060	473
74.086	362	74.111	474
74.136	363	74.161	478
74.187	365	74.213	482
74.237	371	74.263	490
74.288	378	74.314	496
74.338	385	74.364	502
74.390	396	74.415	509
74.440	405	74.465	517
74.491	416	74.517	527
74.541	426	74.567	533
74.592	436	74.618	536
74.643	444	74.668	540
74.694	449	74.719	543
74.744	453	74.770	543
74.795	457	74.821	541
74.845	455	74.871	538
74.897	452	74.922	533
74.947	447	74.972	528
74.998	440	75.024	521
75.048	431	75.074	516
75.099	422	75.125	505
75.149	410	75.175	500
75.201	400	75.226	494
75.251	391	75.276	487
75.302	382	75.328	481
75.352	371	75.378	479
75.403	368	75.429	477
75.454	365	75.479	477
75.505	365	75.530	478
75.556	366	75.581	481
75.606	368	75.632	485
75.657	374	75.682	491
75.708	381	75.733	499
75.759	390	75.783	501
75.809	399	75.835	511
75.860	410	75.885	518
75.910	419	75.936	523
75.962	429	75.986	530
76.012	437	76.037	534
76.063	445	76.087	536
76.113	449	76.139	539
76.164	453	76.189	539
76.214	456	76.240	538
76.266	453	76.290	535
76.316	449	76.341	530
76.367	443	76.392	528
76.417	437	76.443	520
76.468	428	76.493	513
76.519	417	76.544	508
76.570	407	76.594	501
76.620	399	76.646	494
76.671	387	76.696	489
76.721	385	76.747	484
76.773	376	76.797	482
76.823	369	76.848	480
76.874	367	76.898	482
76.924	366	76.950	480
76.975	367	77.000	487
77.025	372	77.051	487
77.077	377	77.101	491
77.127	385	77.152	494
77.178	394	77.203	504
77.228	402	77.254	510
77.279	412	77.304	516
77.330	424	77.355	521
77.381	431	77.405	528
77.431	437	77.457	532
77.482	445	77.507	534
77.532	449	77.558	536
77.584	451	77.608	536
77.634	451	77.659	533
77.685	450	77.709	533
77.735	446	77.761	528
77.786	440	77.811	525
77.836	433	77.862	520
77.888	425	77.912	515
77.938	414	77.963	508
77.989	405	78.014	500
78.039	396	78.065	497
78.090	387	78.115	491
78.141	379	78.166	487
78.192	375	78.216	484
78.242	370	78.268	481
78.293	368	78.318	482
78.343	368	78.369	483
78.395	370	78.419	483
78.445	375	78.470	486
78.496	381	78.520	492
78.546	389	78.572	498
78.597	396	78.623	502
78.647	406	78.673	509
78.699	416	78.724	515
78.749	424	78.774	519
78.800	433	78.826	525
78.850	439	78.876	529
78.901	445	78.927	532
78.952	448	78.977	534
79.003	450	79.028	535
79.053	449	79.079	534
79.104	447	79.130	532
79.154	443	79.180	529
79.206	436	79.231	525
79.256	428	79.281	520
79.307	423	79.333	515
79.357	411	79.383	509
79.408	403	79.434	504
79.458	395	79.484	498
79.510	387	79.535	494
79.560	379	79.585	487
79.611	375	79.637	487
79.661	372	79.687	485
79.712	370	79.738	483
79.763	371	79.788	485
79.814	374	79.839	485
79.864	378	79.890	489
79.915	385	79.941	494
79.965	391	79.991	498
80.017	400	80.042	503
80.067	409	80.092	508
80.118	419	80.144	515
80.168	425	80.194	519
80.219	433	80.245	522
80.269	438	80.295	529
80.321	444	80.346	530
80.371	447	80.396	532
80.422	447	80.448	532
80.472	447	80.498	535
80.523	441	80.549	529
80.574	438	80.599	528
80.625	434	80.650	526
80.675	426	80.701	520
80.726	417	80.752	515
80.776	408	80.802	509
80.828	400	80.853	505
80.878	393	80.903	497
80.929	386	80.955	495
80.979	381	81.005	490
81.030	376	81.056	488
81.080	374	81.106	485
81.132	373	81.157	485
81.182	372	81.207	486
81.233	378	81.259	487
81.283	383	81.309	490
81.334	388	81.360	493
81.385	397	81.410	499
81.436	404	81.461	503
81.486	413	81.512	508
81.537	420	81.563	514
81.587	427	81.613	520
81.639	434	81.664	527
81.689	441	81.714	526
81.740	443	81.766	529
81.790	445	81.816	532
81.841	443	81.867	531
81.892	443	81.917	532
81.943	439	81.968	529
81.993	434	82.018	527
82.044	427	82.070	523
82.094	422	82.120	519
82.145	415	82.171	515
82.196	406	82.221	511
82.247	398	82.272	505
82.297	392	82.323	500
82.348	386	82.374	495
82.398	380	82.424	491
82.450	378	82.475	492
82.500	375	82.525	487
82.551	377	82.577	486
82.601	381	82.627	486
82.652	381	82.678	488
82.703	386	82.728	491
82.754	392	82.779	493
82.804	399	82.829	499
82.855	407	82.881	503
82.905	413	82.931	507
82.956	422	82.982	513
83.007	429	83.032	515
83.058	436	83.083	522
83.109	439	83.134	526
83.159	442	83.185	529
83.210	443	83.235	530
83.261	444	83.286	532
83.312	440	83.336	531
83.362	435	83.388	529
83.413	432	83.438	526
83.463	425	83.489	523
83.515	418	83.539	519
83.565	412	83.590	514
83.616	404	83.640	508
83.666	397	83.692	505
83.717	390	83.742	498
83.767	388	83.793	496
83.819	383	83.843	493
83.869	380	83.894	490
83.920	380	83.945	487
83.970	379	83.996	487
84.021	384	84.046	488
84.072	387	84.097	488
84.123	389	84.147	492
84.173	397	84.199	494
84.224	404	84.249	499
84.274	410	84.300	503
84.326	416	84.350	507
84.376	423	84.401	512
84.427	430	84.452	518
84.477	434	84.503	521
84.528	438	84.553	525
84.578	439	84.604	528
84.630	439	84.654	530
84.680	441	84.705	530
84.731	435	84.756	530
84.781	434	84.807	529
84.832	427	84.857	525
84.883	423	84.908	523
84.934	416	84.958	518
84.984	409	85.010	514
85.035	402	85.060	510
85.085	396	85.111	504
