#Creator: pendulumviewEventBuffer
#Creation time: Thu Mar 30 11:16:27 2023
#Time A	Pos A	Time B	Pos B
#[s]	[au]	[s]	[au]
0.026	469	0.052	255
0.077	468	0.102	258
0.127	471	0.153	256
0.179	468	0.203	260
0.229	468	0.254	262
0.280	470	0.305	262
0.330	470	0.356	272
0.381	470	0.406	293
0.432	471	0.457	322
0.483	469	0.507	363
0.533	470	0.559	410
0.584	470	0.609	463
0.634	470	0.660	518
0.686	470	0.710	571
0.736	469	0.761	621
0.787	470	0.811	666
0.837	470	0.863	702
0.888	469	0.913	728
0.938	471	0.964	742
0.990	469	1.014	742
1.040	471	1.065	735
1.091	470	1.116	715
1.141	470	1.167	685
1.192	470	1.218	645
1.243	470	1.268	600
1.294	471	1.319	546
1.344	470	1.370	495
1.395	469	1.421	441
1.445	470	1.471	393
1.497	470	1.522	348
1.547	470	1.572	313
1.598	469	1.623	286
1.648	469	1.674	272
1.699	470	1.725	271
1.749	470	1.775	282
1.801	470	1.826	301
1.851	470	1.876	332
1.902	470	1.928	372
1.952	468	1.978	418
2.003	470	2.029	470
2.054	470	2.079	519
2.105	470	2.130	574
2.155	470	2.181	620
2.206	470	2.232	662
2.256	471	2.282	697
2.308	469	2.333	722
2.358	471	2.383	735
2.409	470	2.434	735
2.459	469	2.485	726
2.510	469	2.536	707
2.560	470	2.586	677
2.612	470	2.637	639
2.662	470	2.687	594
2.713	472	2.739	542
2.763	471	2.789	492
2.814	472	2.840	439
2.865	470	2.890	393
2.916	470	2.941	353
2.966	470	2.992	316
3.017	471	3.043	291
3.067	471	3.093	278
3.119	470	3.144	277
3.169	470	3.194	289
3.220	469	3.246	308
3.270	472	3.296	338
3.321	470	3.347	379
3.371	471	3.397	423
3.423	470	3.448	474
3.473	469	3.498	527
3.524	470	3.550	572
3.574	471	3.600	623
3.625	470	3.651	664
3.676	470	3.701	696
3.727	470	3.752	718
3.777	470	3.803	731
3.828	470	3.854	730
3.878	471	3.904	720
3.930	471	3.955	701
3.980	469	4.005	669
4.031	468	4.057	631
4.081	470	4.107	586
4.132	470	4.158	537
4.182	470	4.208	487
4.234	470	4.259	436
4.284	470	4.309	392
4.335	472	4.361	348
4.385	468	4.411	320
4.436	469	4.462	295
4.487	470	4.512	284
4.538	470	4.563	284
4.588	469	4.614	295
4.639	470	4.665	316
4.689	470	4.715	347
4.741	469	4.766	385
4.791	471	4.816	431
4.842	471	4.868	478
4.892	469	4.918	528
4.943	470	4.969	577
4.993	470	5.019	621
5.045	470	5.070	660
5.095	470	5.120	692
5.146	470	5.172	714
5.196	470	5.222	725
5.247	467	5.273	725
5.298	470	5.323	714
5.349	467	5.374	693
5.399	469	5.425	663
5.450	471	5.476	626
5.500	470	5.526	581
5.552	470	5.577	533
5.602	470	5.627	483
5.653	470	5.679	438
5.703	470	5.729	390
5.754	470	5.780	352
5.804	470	5.830	320
5.856	470	5.881	297
5.906	471	5.931	282
5.957	469	5.983	288
6.007	468	6.033	299
6.058	472	6.084	320
6.109	469	6.134	351
6.160	470	6.185	390
6.210	473	6.236	434
6.261	470	6.287	481
6.311	470	6.337	533
6.363	469	6.388	578
6.413	470	6.438	621
6.464	470	6.490	660
6.514	470	6.540	688
6.565	469	6.591	710
6.615	469	6.641	720
6.667	470	6.692	717
6.717	473	6.742	706
6.768	471	6.794	685
6.818	469	6.844	655
6.869	471	6.895	617
6.920	470	6.945	575
6.971	471	6.996	525
7.022	469	7.047	479
7.072	469	7.098	432
7.123	470	7.148	388
7.174	469	7.199	352
7.225	470	7.249	320
7.275	469	7.301	300
7.326	470	7.351	292
7.376	469	7.402	293
7.428	471	7.452	306
7.478	469	7.503	326
7.529	469	7.553	359
7.579	471	7.605	394
7.630	468	7.655	438
7.680	470	7.706	483
7.732	473	7.756	532
7.782	470	7.807	580
7.833	470	7.858	620
7.883	470	7.909	657
7.934	470	7.959	684
7.985	471	8.010	705
8.036	472	8.060	714
8.086	470	8.112	711
8.137	471	8.162	700
8.187	473	8.213	680
8.239	469	8.263	649
8.289	470	8.314	612
8.340	471	8.364	568
8.390	471	8.416	523
8.441	470	8.466	478
8.491	472	8.517	431
8.543	470	8.567	388
8.593	471	8.618	352
8.644	470	8.669	323
8.694	470	8.720	302
8.745	470	8.770	296
8.796	471	8.821	300
8.847	470	8.871	311
8.897	471	8.923	333
8.948	470	8.973	363
8.998	470	9.024	401
9.050	469	9.074	443
9.100	471	9.125	491
9.151	471	9.175	535
9.201	467	9.227	581
9.252	471	9.277	621
9.302	471	9.328	655
9.354	469	9.378	682
9.404	468	9.429	698
9.455	471	9.480	711
9.505	471	9.531	706
9.556	472	9.581	695
9.607	470	9.632	673
9.658	471	9.682	642
9.708	470	9.734	606
9.759	474	9.784	564
9.809	471	9.835	519
9.861	470	9.885	473
9.911	467	9.936	427
9.962	470	9.986	387
10.012	470	10.038	353
10.063	470	10.089	324
10.113	470	10.139	309
10.165	470	10.190	298
10.215	470	10.240	304
10.266	470	10.292	317
10.316	470	10.342	340
10.367	469	10.393	369
10.418	469	10.443	407
10.469	469	10.494	448
10.519	471	10.545	493
10.570	471	10.596	538
10.620	471	10.646	581
10.672	469	10.697	621
10.722	471	10.747	654
10.773	470	10.799	679
10.823	470	10.849	699
10.874	470	10.900	704
10.924	470	10.950	698
10.976	470	11.001	688
11.026	471	11.051	666
11.077	470	11.103	636
11.127	470	11.153	599
11.178	468	11.204	557
11.229	470	11.254	514
11.280	469	11.305	470
11.330	469	11.356	424
11.381	471	11.407	388
11.431	470	11.457	356
11.483	471	11.508	329
11.533	470	11.558	312
11.584	470	11.610	305
11.634	470	11.660	312
11.685	468	11.711	323
11.735	471	11.761	345
11.787	470	11.812	375
11.837	470	11.862	412
11.888	471	11.914	453
11.938	470	11.964	496
11.989	470	12.015	540
12.040	470	12.065	582
12.091	471	12.116	621
12.141	470	12.167	652
12.192	470	12.218	678
12.242	470	12.268	692
12.294	470	12.319	698
12.344	470	12.369	690
12.395	470	12.421	682
12.445	470	12.471	661
12.496	470	12.522	629
12.546	471	12.572	594
12.598	470	12.623	554
12.648	471	12.673	510
12.699	470	12.725	467
12.749	471	12.775	426
12.800	471	12.826	387
12.851	468	12.876	357
12.902	469	12.927	332
12.952	470	12.978	316
13.003	470	13.029	313
13.053	470	13.079	315
13.105	469	13.130	330
13.155	470	13.180	350
13.206	469	13.232	380
13.256	471	13.282	419
13.307	468	13.333	458
13.358	470	13.383	501
13.409	469	13.434	543
13.459	470	13.484	584
13.510	471	13.536	619
13.560	470	13.586	651
13.611	469	13.637	675
13.662	471	13.687	690
13.713	471	13.738	692
13.763	471	13.789	690
13.814	470	13.840	674
13.864	470	13.890	652
13.916	471	13.941	628
13.966	470	13.991	590
14.017	470	14.043	549
14.067	470	14.093	507
14.118	469	14.144	465
14.169	470	14.194	424
14.220	469	14.245	388
14.270	470	14.295	356
14.321	469	14.347	335
14.371	471	14.397	321
14.422	470	14.448	318
14.473	470	14.498	322
14.524	470	14.549	334
14.575	470	14.600	358
14.625	470	14.651	388
14.676	470	14.701	422
14.727	471	14.752	463
14.778	471	14.802	504
14.828	471	14.854	546
14.879	469	14.904	585
14.929	471	14.955	622
14.981	472	15.005	650
15.031	471	15.056	671
15.082	471	15.106	683
15.132	470	15.158	688
15.183	470	15.208	684
15.233	471	15.259	670
15.285	471	15.309	647
15.335	473	15.360	618
15.386	471	15.411	582
15.436	471	15.462	543
15.487	471	15.512	505
15.538	471	15.563	462
15.589	468	15.613	423
15.639	470	15.665	388
15.690	469	15.715	359
15.740	470	15.766	338
15.792	469	15.816	325
15.842	473	15.867	322
15.893	470	15.918	326
15.943	470	15.969	342
15.994	470	16.019	362
16.044	470	16.070	396
16.096	470	16.120	431
16.146	471	16.171	467
16.197	470	16.222	507
16.247	471	16.273	548
16.298	470	16.323	587
16.349	472	16.374	620
16.400	470	16.424	648
16.450	471	16.476	669
16.501	470	16.526	680
16.551	469	16.577	683
16.603	468	16.627	679
16.653	470	16.678	665
16.704	471	16.729	641
16.754	470	16.780	614
16.805	470	16.830	577
16.855	470	16.881	537
16.907	470	16.931	499
16.957	470	16.982	460
17.008	470	17.033	423
17.058	470	17.084	389
17.109	471	17.134	361
17.160	469	17.185	341
17.211	469	17.235	331
17.261	475	17.287	328
17.312	471	17.337	333
17.362	470	17.388	347
17.414	471	17.438	374
17.464	471	17.489	401
17.515	470	17.540	433
17.565	470	17.591	471
17.616	472	17.642	512
17.666	471	17.692	551
17.718	470	17.743	588
17.768	470	17.793	620
17.819	470	17.845	647
17.869	471	17.895	666
17.920	470	17.946	676
17.971	470	17.996	678
18.022	470	18.047	673
18.072	471	18.098	658
18.123	472	18.149	636
18.173	471	18.199	607
18.225	470	18.250	571
18.275	470	18.300	535
18.326	470	18.352	499
18.376	471	18.402	458
18.427	472	18.453	420
18.478	470	18.503	390
18.529	469	18.554	364
18.579	471	18.604	344
18.630	468	18.656	335
18.680	470	18.706	334
18.731	471	18.757	338
18.782	470	18.807	352
18.833	469	18.858	378
18.883	471	18.909	405
18.934	470	18.960	440
18.984	470	19.010	476
19.036	470	19.061	518
19.086	470	19.111	553
19.137	471	19.163	588
19.187	470	19.213	619
19.238	471	19.264	645
19.289	471	19.314	662
19.340	471	19.365	672
19.390	471	19.415	674
19.441	473	19.467	669
19.491	472	19.517	653
19.542	469	19.568	629
19.593	471	19.618	601
19.644	471	19.669	568
19.694	470	19.720	535
19.745	470	19.771	495
19.795	471	19.821	457
19.847	470	19.872	422
19.897	469	19.922	389
19.948	470	19.974	366
19.998	470	20.024	348
20.049	470	20.075	338
20.100	470	20.125	337
20.151	469	20.176	345
20.201	470	20.226	360
20.252	470	20.278	383
20.302	471	20.328	411
20.353	470	20.379	445
20.404	471	20.429	481
20.455	470	20.480	519
20.505	471	20.531	553
20.556	470	20.582	590
20.606	470	20.632	618
20.658	471	20.683	645
20.708	470	20.733	660
20.759	471	20.785	669
20.809	469	20.835	671
20.860	471	20.886	663
20.911	470	20.936	647
20.962	469	20.987	625
21.012	469	21.038	594
21.063	469	21.089	564
21.113	470	21.139	527
21.164	471	21.190	491
21.215	470	21.240	455
21.266	471	21.291	421
21.317	470	21.342	390
21.367	470	21.393	368
21.418	470	21.443	351
21.469	470	21.494	342
21.520	469	21.544	342
21.570	469	21.596	350
21.621	472	21.646	366
21.671	470	21.697	388
21.723	469	21.747	416
21.773	469	21.798	450
21.824	470	21.849	486
21.874	471	21.900	519
21.925	470	21.950	558
21.975	470	22.001	592
22.027	471	22.051	620
22.077	471	22.102	645
22.128	471	22.153	656
22.178	470	22.204	666
22.229	470	22.254	667
22.280	470	22.305	657
22.331	469	22.355	643
22.381	471	22.407	619
22.432	470	22.457	591
22.482	470	22.508	559
22.534	469	22.558	523
22.584	470	22.609	489
22.635	472	22.660	453
22.685	473	22.711	418
22.736	470	22.761	390
22.786	470	22.812	367
22.838	471	22.862	354
22.888	470	22.913	348
22.939	470	22.964	347
22.989	471	23.015	355
23.040	471	23.065	372
23.091	466	23.116	393
23.142	471	23.166	423
23.192	473	23.218	453
23.243	472	23.268	489
23.293	471	23.319	526
23.345	471	23.369	559
23.395	471	23.420	587
23.446	470	23.471	620
23.496	471	23.522	640
23.547	471	23.572	654
23.598	471	23.623	661
23.649	470	23.673	661
23.699	470	23.724	652
23.750	470	23.775	636
23.800	469	23.826	614
23.851	470	23.876	586
23.902	469	23.927	553
23.953	470	23.977	522
24.003	471	24.029	485
24.054	470	24.079	452
24.104	470	24.130	419
24.156	470	24.180	395
24.206	471	24.231	372
24.257	471	24.282	355
24.307	470	24.333	352
24.358	470	24.384	351
24.409	471	24.434	359
24.460	471	24.485	377
24.510	470	24.535	400
24.561	470	24.587	428
24.611	472	24.637	459
24.662	471	24.688	493
24.713	470	24.738	528
24.764	472	24.789	561
24.814	470	24.840	593
24.865	470	24.891	619
24.915	468	24.941	639
24.967	471	24.992	651
25.017	471	25.042	658
25.068	469	25.094	656
25.118	471	25.144	647
25.169	471	25.195	631
25.220	471	25.245	608
25.271	470	25.296	581
25.321	472	25.346	550
25.372	472	25.398	515
25.422	470	25.448	482
25.473	470	25.499	449
25.524	470	25.549	419
25.575	473	25.600	394
25.625	470	25.651	373
25.676	470	25.702	359
25.726	470	25.752	355
25.778	470	25.803	355
25.828	471	25.853	365
25.879	470	25.905	381
25.929	471	25.955	405
25.980	470	26.006	433
26.031	470	26.056	464
26.082	469	26.107	497
26.132	473	26.158	530
26.183	471	26.209	563
26.233	472	26.259	593
26.284	471	26.310	618
26.335	469	26.360	637
26.386	471	26.411	648
26.436	471	26.462	657
26.487	471	26.513	653
26.537	471	26.563	643
26.589	471	26.614	626
26.639	471	26.664	603
26.690	469	26.716	575
26.740	470	26.766	546
26.791	471	26.817	512
26.842	473	26.867	480
26.893	471	26.918	447
26.943	470	26.969	419
26.994	470	27.020	393
27.044	470	27.070	376
27.095	470	27.121	363
27.146	471	27.171	359
27.197	470	27.222	359
27.247	470	27.273	373
27.298	470	27.324	387
27.348	471	27.374	410
27.400	472	27.425	437
27.450	471	27.475	468
27.501	468	27.527	501
27.551	471	27.577	534
27.602	467	27.628	565
27.653	469	27.678	592
27.704	472	27.729	617
27.754	470	27.780	634
27.805	470	27.831	646
27.855	471	27.881	646
27.906	470	27.932	647
27.957	470	27.982	635
28.008	470	28.033	620
28.058	472	28.084	600
28.109	471	28.135	572
28.159	472	28.185	542
28.211	470	28.236	510
28.261	470	28.286	478
28.312	471	28.338	449
28.362	472	28.388	419
28.413	471	28.439	397
28.464	471	28.489	377
28.515	469	28.540	367
28.565	471	28.591	363
28.616	471	28.642	366
28.666	470	28.692	374
28.718	470	28.743	392
28.768	470	28.793	416
28.819	470	28.844	442
28.869	470	28.895	473
28.920	471	28.946	505
28.970	471	28.996	536
29.022	468	29.047	566
29.072	470	29.097	593
29.123	471	29.149	616
29.173	470	29.199	634
29.224	470	29.250	643
29.275	471	29.300	646
29.326	470	29.351	640
29.376	470	29.402	635
29.427	471	29.453	616
29.477	471	29.503	596
29.529	470	29.554	567
29.579	470	29.604	538
29.630	470	29.655	505
29.680	470	29.706	475
29.731	470	29.757	444
29.781	472	29.807	419
29.833	471	29.858	397
29.883	470	29.908	380
29.934	469	29.960	370
29.984	471	30.010	362
30.035	469	30.061	370
30.086	470	30.111	382
30.137	469	30.162	397
30.187	470	30.213	419
30.238	471	30.264	448
30.288	471	30.314	477
30.340	470	30.365	508
30.390	471	30.415	538
30.441	471	30.466	568
30.491	470	30.517	592
30.542	471	30.568	616
30.592	470	30.618	629
30.644	471	30.669	638
30.694	471	30.719	643
30.745	471	30.771	638
30.795	471	30.821	625
30.846	471	30.872	612
30.897	472	30.922	592
30.948	470	30.973	562
30.998	471	31.024	533
31.049	471	31.075	504
31.099	471	31.125	473
31.151	470	31.176	443
31.201	471	31.226	418
31.252	471	31.278	398
31.302	470	31.328	382
31.353	472	31.379	374
31.403	469	31.429	371
31.455	471	31.480	375
31.505	470	31.530	385
31.556	471	31.582	404
31.606	470	31.632	424
31.657	471	31.683	450
31.708	471	31.733	480
31.759	471	31.784	511
31.809	470	31.835	541
31.860	472	31.886	568
31.910	468	31.936	593
31.962	470	31.987	613
32.012	471	32.037	629
32.063	471	32.089	637
32.113	471	32.139	639
32.164	470	32.190	635
32.214	471	32.240	623
32.266	471	32.291	606
32.316	471	32.341	585
32.367	471	32.393	555
32.417	471	32.443	526
32.468	471	32.494	500
32.519	471	32.544	471
32.570	472	32.595	445
32.620	470	32.646	419
32.671	470	32.697	400
32.721	470	32.747	385
32.773	469	32.798	377
32.823	466	32.848	374
32.874	470	32.900	380
32.924	470	32.950	392
32.975	471	33.001	409
33.025	471	33.051	431
33.077	472	33.102	457
33.127	471	33.152	487
33.178	471	33.204	514
33.228	470	33.254	543
33.279	471	33.305	570
33.331	470	33.355	595
33.381	471	33.406	614
33.432	469	33.457	624
33.482	469	33.508	636
33.533	473	33.558	635
33.584	471	33.609	630
33.635	470	33.659	620
33.685	471	33.711	603
33.736	472	33.761	579
33.786	471	33.812	556
33.838	471	33.862	528
33.888	471	33.913	500
33.939	470	33.963	470
33.989	469	34.015	444
34.040	471	34.065	419
34.090	472	34.116	400
34.142	472	34.166	387
34.192	471	34.217	379
34.243	468	34.268	379
34.293	471	34.319	384
34.344	469	34.369	394
34.395	470	34.420	411
34.446	470	34.470	438
34.496	471	34.522	460
34.547	470	34.572	492
34.597	471	34.623	519
34.649	470	34.673	545
34.699	470	34.724	570
34.750	471	34.774	593
34.800	469	34.826	611
34.851	470	34.876	624
34.901	469	34.927	631
34.953	472	34.977	631
35.003	470	35.028	625
35.054	471	35.079	613
35.104	470	35.130	595
35.155	470	35.180	575
35.206	470	35.231	551
35.257	470	35.281	524
35.307	470	35.333	496
35.358	470	35.383	466
35.408	471	35.434	443
35.460	470	35.484	420
35.510	470	35.535	403
35.561	471	35.585	389
35.611	468	35.637	383
35.662	471	35.687	382
35.712	471	35.738	388
35.764	468	35.788	398
35.814	470	35.839	418
35.865	470	35.890	440
35.915	472	35.941	466
35.966	470	35.991	491
36.017	470	36.042	520
36.068	470	36.092	545
36.118	470	36.144	569
36.169	472	36.194	594
36.219	472	36.245	610
36.271	469	36.295	621
36.321	468	36.346	628
36.372	471	36.396	628
36.422	471	36.448	623
36.473	471	36.499	609
36.523	470	36.549	592
36.575	470	36.600	571
36.625	470	36.650	546
36.676	471	36.702	519
36.726	470	36.752	495
36.777	469	36.803	467
36.828	471	36.853	441
36.879	470	36.904	421
36.929	472	36.955	404
36.980	471	37.006	393
37.030	470	37.056	385
37.082	470	37.107	387
37.132	468	37.157	393
37.183	469	37.209	407
37.233	469	37.259	423
37.284	470	37.310	444
37.334	471	37.360	470
37.386	470	37.411	495
37.436	470	37.461	523
37.487	469	37.513	548
37.537	470	37.563	571
37.588	470	37.614	594
37.639	470	37.664	609
37.690	470	37.715	619
37.740	468	37.766	623
37.791	470	37.817	624
37.841	470	37.867	617
37.893	469	37.918	605
37.943	469	37.968	587
37.994	470	38.020	567
38.044	470	38.070	544
38.095	471	38.121	518
38.145	470	38.171	494
38.197	470	38.222	465
38.247	470	38.272	440
38.298	470	38.324	421
38.348	470	38.374	406
38.399	469	38.425	395
38.450	471	38.475	388
38.501	472	38.526	391
38.551	471	38.577	398
38.602	470	38.628	411
38.652	465	38.678	428
38.704	470	38.729	448
38.754	470	38.779	473
38.805	470	38.831	498
38.855	470	38.881	523
38.906	470	38.932	548
38.956	470	38.982	568
39.008	470	39.033	591
39.058	470	39.083	608
39.109	470	39.135	618
39.159	470	39.185	622
39.210	470	39.236	620
39.261	472	39.286	613
39.312	468	39.337	600
39.362	470	39.388	583
39.413	470	39.439	563
39.463	471	39.489	539
39.515	471	39.540	513
39.565	471	39.590	488
39.616	470	39.642	463
39.666	470	39.692	441
39.717	470	39.743	424
39.767	468	39.793	406
39.819	470	39.844	397
39.869	471	39.894	394
39.920	470	39.946	396
39.970	470	39.996	402
40.021	468	40.047	414
40.072	470	40.097	432
40.123	471	40.148	452
40.174	472	40.199	477
40.224	470	40.250	501
40.275	470	40.300	525
40.326	471	40.351	550
40.377	470	40.401	574
40.427	470	40.453	592
40.478	471	40.503	605
40.528	469	40.554	615
40.580	471	40.604	618
40.630	473	40.655	616
40.681	470	40.705	609
40.731	471	40.757	597
40.782	471	40.807	579
40.832	471	40.858	559
40.884	470	40.908	535
40.934	471	40.959	513
40.985	470	41.010	486
41.035	470	41.061	459
41.086	470	41.111	442
41.137	470	41.162	422
41.188	472	41.212	409
41.238	470	41.264	399
41.289	470	41.314	395
41.339	470	41.365	399
41.391	471	41.415	405
41.441	470	41.466	419
41.492	471	41.516	437
41.542	469	41.568	457
41.593	469	41.618	480
41.643	470	41.669	505
41.695	471	41.719	529
41.745	470	41.770	552
41.796	470	41.821	574
41.846	470	41.872	591
41.897	471	41.922	604
41.948	471	41.973	613
41.999	469	42.023	616
42.049	470	42.075	614
42.100	470	42.125	606
42.150	470	42.176	593
42.202	471	42.226	575
42.252	470	42.277	556
42.303	472	42.327	532
42.353	470	42.379	508
42.404	470	42.429	484
42.454	471	42.480	463
42.506	470	42.530	441
42.556	472	42.581	425
42.607	470	42.632	411
42.657	470	42.683	402
42.708	471	42.733	398
42.759	470	42.784	402
42.810	471	42.834	409
42.860	469	42.886	424
42.911	470	42.936	441
42.961	471	42.987	461
43.013	471	43.037	482
43.063	471	43.088	508
43.114	471	43.138	531
43.164	470	43.190	555
43.215	471	43.241	573
43.265	470	43.291	588
43.317	471	43.342	602
43.367	471	43.392	608
43.418	470	43.444	612
43.468	471	43.494	607
43.519	470	43.545	601
43.570	470	43.595	588
43.621	470	43.646	572
43.671	470	43.697	551
43.722	469	43.748	530
43.772	471	43.798	505
43.824	471	43.849	483
43.874	471	43.899	460
43.925	470	43.951	441
43.975	471	44.001	423
44.026	470	44.052	413
44.076	470	44.102	403
44.128	470	44.153	400
44.178	471	44.203	406
44.229	469	44.255	416
44.279	472	44.305	428
44.330	472	44.356	446
44.381	472	44.406	465
44.432	469	44.457	487
44.482	467	44.508	510
44.533	472	44.559	533
44.583	470	44.609	555
44.635	471	44.660	577
44.685	470	44.710	587
44.736	470	44.762	602
44.786	470	44.812	609
44.837	471	44.863	611
44.887	469	44.913	606
44.939	471	44.964	597
44.989	471	45.014	585
45.040	471	45.066	567
45.090	472	45.116	549
45.141	471	45.167	526
45.192	470	45.217	503
45.243	470	45.268	480
45.293	468	45.319	459
45.344	470	45.370	442
45.394	470	45.420	428
45.446	470	45.471	415
45.496	470	45.521	408
45.547	470	45.573	405
45.597	470	45.623	409
45.648	470	45.674	419
45.698	471	45.724	432
45.750	471	45.775	449
45.800	471	45.825	468
45.851	472	45.877	490
45.901	467	45.927	512
45.952	471	45.978	536
46.003	471	46.028	556
46.054	470	46.079	574
46.104	470	46.130	587
46.155	470	46.181	601
46.205	470	46.231	605
46.257	470	46.282	605
46.307	470	46.332	600
46.358	470	46.384	594
46.408	471	46.434	580
46.459	471	46.485	565
46.510	471	46.535	543
46.561	470	46.586	523
46.611	471	46.636	501
46.662	470	46.688	478
46.712	470	46.738	459
46.763	470	46.789	440
46.814	470	46.839	427
46.865	470	46.890	417
46.915	470	46.941	409
46.966	470	46.992	410
47.016	470	47.042	416
47.068	469	47.093	424
47.118	470	47.143	436
47.169	470	47.195	453
47.219	470	47.245	473
47.270	469	47.296	494
47.321	474	47.346	516
47.372	472	47.397	537
47.422	471	47.447	557
47.473	470	47.499	574
47.523	471	47.549	587
47.574	470	47.600	600
47.625	471	47.650	604
47.676	471	47.701	603
47.727	470	47.752	598
47.777	470	47.803	593
47.828	470	47.853	575
47.879	471	47.904	559
47.930	470	47.954	540
47.980	471	48.006	519
48.031	469	48.056	498
48.081	469	48.107	478
48.133	471	48.157	459
48.183	469	48.208	442
48.234	471	48.258	428
48.284	471	48.310	416
48.335	470	48.360	415
48.385	470	48.411	410
48.437	471	48.461	417
48.487	470	48.512	427
48.538	469	48.563	440
48.588	468	48.614	458
48.639	468	48.664	476
48.690	469	48.715	497
48.741	471	48.765	517
48.791	470	48.817	539
48.842	470	48.867	558
48.892	470	48.918	574
48.944	471	48.968	584
48.994	470	49.019	596
49.045	470	49.070	600
49.095	471	49.121	600
49.146	470	49.171	595
49.196	471	49.222	587
49.248	470	49.272	573
49.298	470	49.323	558
49.349	470	49.374	537
49.399	471	49.425	517
49.450	470	49.475	496
49.501	472	49.526	477
49.552	470	49.576	457
49.602	468	49.628	442
49.653	470	49.678	426
49.703	470	49.729	422
49.755	470	49.779	415
49.805	471	49.830	417
49.856	470	49.881	420
49.906	469	49.932	432
49.957	470	49.982	444
50.007	472	50.033	459
50.059	470	50.083	479
50.109	469	50.134	500
50.160	470	50.185	520
50.210	468	50.236	540
50.261	470	50.286	559
50.312	473	50.337	574
50.363	468	50.387	586
50.413	471	50.439	594
50.464	471	50.489	597
50.514	470	50.540	598
50.566	470	50.590	591
50.616	470	50.641	582
50.667	470	50.692	569
50.717	471	50.743	554
50.768	470	50.794	534
50.818	471	50.844	515
50.870	470	50.895	494
50.920	472	50.945	475
50.971	471	50.997	459
51.021	471	51.047	442
51.072	471	51.098	430
51.123	470	51.148	423
51.174	470	51.199	419
51.224	470	51.250	423
51.275	470	51.301	422
51.325	470	51.351	436
51.377	468	51.402	448
51.427	470	51.452	466
51.478	470	51.504	483
51.528	470	51.554	497
51.579	469	51.605	520
51.630	471	51.655	540
51.681	472	51.706	558
51.731	471	51.756	573
51.782	469	51.808	584
51.832	471	51.858	591
51.883	469	51.909	594
51.934	471	51.959	593
51.985	470	52.010	588
52.035	470	52.061	578
52.086	469	52.112	568
52.136	470	52.162	550
52.188	470	52.213	531
52.238	469	52.263	512
52.289	470	52.315	493
52.339	472	52.365	474
52.390	469	52.416	457
