#Creator: pendulumviewEventBuffer
#Creation time: Thu Mar 30 09:56:21 2023
#Time A	Pos A	Time B	Pos B
#[s]	[au]	[s]	[au]
0.025	445	0.050	557
0.075	393	0.101	553
0.126	341	0.151	553
0.177	293	0.202	552
0.228	255	0.252	550
0.278	223	0.304	547
0.329	203	0.354	545
0.379	196	0.405	541
0.431	202	0.455	539
0.481	215	0.506	535
0.532	240	0.557	533
0.582	275	0.608	531
0.633	318	0.658	531
0.684	368	0.709	532
0.735	418	0.760	534
0.785	470	0.811	533
0.836	518	0.862	537
0.886	561	0.912	539
0.937	598	0.963	545
0.988	626	1.013	550
1.039	643	1.064	556
1.089	644	1.115	561
1.140	636	1.166	567
1.190	619	1.216	570
1.242	591	1.267	576
1.292	555	1.317	578
1.343	510	1.369	580
1.393	465	1.419	580
1.444	414	1.470	579
1.495	364	1.520	577
1.546	317	1.571	573
1.596	274	1.622	566
1.647	243	1.673	559
1.697	220	1.723	551
1.749	204	1.774	543
1.799	206	1.824	534
1.850	213	1.875	526
1.900	231	1.926	521
1.951	263	1.977	513
2.001	300	2.027	512
2.053	345	2.078	506
2.103	392	2.128	507
2.154	443	2.180	508
2.204	490	2.230	513
2.255	535	2.281	519
2.306	574	2.331	527
2.357	605	2.382	538
2.407	625	2.433	549
2.458	634	2.484	560
2.508	630	2.534	571
2.560	620	2.585	581
2.610	593	2.635	590
2.661	562	2.686	597
2.711	521	2.737	601
2.762	477	2.788	604
2.812	430	2.838	604
2.864	381	2.889	600
2.914	334	2.939	593
2.965	293	2.991	587
3.015	258	3.041	575
3.066	232	3.092	563
3.117	214	3.142	550
3.168	208	3.193	535
3.218	213	3.244	521
3.269	225	3.295	510
3.319	252	3.345	499
3.371	285	3.396	491
3.421	324	3.446	484
3.472	369	3.497	485
3.522	416	3.548	486
3.573	462	3.599	492
3.623	506	3.649	499
3.675	545	3.700	513
3.725	579	3.750	523
3.776	602	3.802	538
3.826	616	3.852	555
3.877	617	3.903	569
3.928	612	3.953	586
3.979	592	4.004	599
4.029	565	4.055	611
4.080	531	4.106	619
4.130	490	4.156	624
4.182	444	4.207	626
4.232	397	4.257	623
4.283	352	4.309	616
4.333	310	4.359	605
4.384	273	4.410	592
4.434	244	4.460	576
4.486	224	4.511	559
4.536	213	4.561	540
4.587	214	4.613	522
4.637	224	4.663	505
4.688	244	4.714	489
4.739	274	4.764	477
4.790	308	4.815	470
4.840	348	4.866	463
4.891	391	4.917	463
4.941	437	4.967	469
4.993	479	5.018	478
5.043	520	5.068	493
5.094	551	5.120	506
5.144	578	5.170	525
5.195	594	5.221	545
5.245	600	5.271	565
5.297	598	5.322	588
5.347	585	5.372	605
5.398	562	5.424	622
5.448	534	5.474	634
5.499	498	5.525	644
5.550	458	5.575	643
5.601	414	5.626	644
5.651	373	5.677	637
5.702	331	5.728	625
5.752	295	5.778	609
5.804	265	5.829	594
5.854	243	5.879	571
5.905	230	5.931	552
5.955	226	5.981	523
6.006	231	6.032	503
6.056	246	6.082	484
6.108	268	6.133	467
6.158	299	6.183	456
6.209	335	6.235	448
6.259	377	6.285	445
6.310	416	6.336	449
6.361	456	6.386	457
6.412	493	6.437	469
6.462	526	6.488	484
6.513	553	6.539	508
6.563	572	6.589	532
6.615	580	6.640	556
6.665	581	6.690	582
6.716	574	6.742	606
6.766	557	6.792	625
6.817	535	6.843	643
6.867	502	6.893	655
6.919	466	6.944	661
6.969	429	6.994	662
7.020	391	7.046	657
7.070	353	7.096	647
7.121	318	7.147	630
7.172	289	7.197	610
7.223	267	7.248	587
7.273	250	7.299	560
7.324	244	7.350	531
7.374	245	7.400	508
7.426	254	7.451	483
7.476	272	7.501	462
7.527	300	7.553	446
7.577	327	7.603	435
7.628	363	7.654	430
7.678	398	7.704	430
7.730	435	7.755	438
7.780	470	7.805	451
7.831	501	7.857	470
7.881	529	7.907	494
7.932	549	7.958	520
7.984	559	8.008	546
8.034	564	8.059	574
8.085	560	8.110	602
8.135	549	8.161	628
8.186	531	8.211	648
8.237	505	8.262	663
8.288	477	8.312	673
8.338	443	8.364	677
8.389	409	8.414	674
8.439	373	8.465	661
8.491	341	8.515	651
8.541	313	8.566	630
8.592	290	8.616	601
8.642	275	8.668	575
8.693	266	8.718	544
8.743	262	8.769	517
8.795	268	8.819	489
8.845	281	8.870	461
8.896	300	8.921	441
8.946	324	8.972	426
8.997	354	9.022	418
9.048	384	9.073	414
9.099	418	9.123	420
9.149	447	9.175	432
9.200	476	9.225	451
9.250	503	9.276	476
9.302	522	9.326	501
9.352	535	9.377	532
9.403	542	9.427	564
9.453	542	9.479	595
9.504	535	9.529	623
9.554	523	9.580	650
9.606	502	9.630	669
9.656	478	9.681	682
9.707	450	9.732	688
9.757	421	9.783	689
9.808	391	9.833	682
9.859	363	9.884	667
9.910	336	9.934	647
9.960	314	9.986	621
10.011	299	10.036	590
10.061	288	10.087	559
10.113	283	10.137	528
10.163	284	10.188	495
10.214	293	10.238	468
10.264	308	10.290	441
10.315	327	10.340	421
10.365	350	10.391	409
10.417	377	10.441	404
10.467	402	10.492	407
10.518	430	10.543	416
10.568	455	10.594	432
10.619	478	10.644	456
10.670	497	10.695	484
10.721	511	10.745	517
10.771	521	10.797	550
10.822	522	10.847	584
10.872	519	10.898	618
10.924	511	10.948	645
10.974	495	10.999	671
11.025	476	11.049	685
11.075	455	11.101	696
11.126	431	11.152	699
11.176	408	11.202	695
11.228	380	11.253	682
11.278	358	11.303	663
11.329	339	11.355	637
11.379	322	11.405	610
11.430	312	11.456	574
11.481	305	11.506	539
11.532	305	11.557	505
11.582	309	11.608	471
11.633	319	11.659	444
11.683	334	11.709	422
11.735	351	11.760	404
11.785	371	11.810	397
11.836	392	11.862	396
11.886	418	11.912	404
11.937	437	11.963	419
11.987	457	12.013	441
12.039	475	12.064	469
12.089	485	12.114	500
12.140	496	12.166	536
12.190	500	12.216	571
12.241	498	12.267	607
12.292	494	12.317	638
12.343	485	12.368	665
12.393	471	12.419	686
12.444	455	12.470	700
12.494	434	12.520	708
12.546	415	12.571	705
12.596	396	12.621	695
12.647	376	12.673	677
12.697	361	12.723	654
12.748	348	12.774	624
12.798	336	12.824	590
12.850	330	12.875	554
12.900	326	12.925	518
12.951	328	12.977	482
13.001	334	13.027	452
13.052	344	13.078	423
13.103	357	13.128	405
13.154	372	13.179	392
13.204	388	13.230	388
13.255	405	13.281	393
13.305	421	13.331	405
13.357	438	13.382	425
13.407	453	13.432	453
13.458	463	13.484	485
13.508	473	13.534	519
13.559	477	13.585	557
13.609	479	13.635	593
13.661	476	13.686	626
13.711	471	13.736	657
13.762	462	13.788	685
13.812	450	13.838	696
13.863	436	13.889	709
13.914	422	13.939	709
13.965	408	13.990	704
14.015	393	14.041	687
14.066	379	14.092	667
14.116	369	14.142	640
14.168	360	14.193	606
14.218	351	14.243	569
14.269	348	14.295	533
14.319	349	14.345	497
14.370	352	14.396	462
14.421	358	14.446	431
14.472	366	14.497	412
14.522	375	14.547	395
14.573	387	14.599	386
14.623	399	14.649	389
14.674	412	14.700	396
14.725	422	14.750	415
14.776	433	14.801	439
14.826	445	14.852	470
14.877	448	14.903	503
14.927	453	14.953	538
14.979	457	15.004	578
15.029	453	15.054	614
15.080	453	15.106	645
15.130	447	15.156	674
15.181	442	15.207	695
15.232	433	15.257	708
15.283	423	15.308	712
15.333	414	15.358	708
15.384	405	15.410	698
15.434	396	15.460	680
15.485	387	15.511	652
15.536	381	15.561	621
15.587	376	15.612	585
15.638	374	15.663	548
15.688	371	15.714	510
15.739	372	15.764	475
15.790	374	15.815	444
15.841	378	15.865	418
15.891	383	15.917	399
15.942	389	15.967	388
15.992	396	16.018	386
16.044	404	16.068	391
16.094	412	16.119	406
16.145	417	16.169	428
16.195	422	16.221	456
16.246	427	16.271	489
16.296	431	16.322	525
16.348	432	16.372	563
16.398	434	16.423	599
16.449	434	16.474	634
16.499	433	16.525	663
16.550	429	16.575	688
16.601	425	16.626	704
16.652	421	16.676	711
16.702	417	16.728	711
16.753	412	16.778	704
16.803	407	16.829	686
16.855	404	16.879	663
16.905	399	16.930	633
16.956	399	16.981	600
17.006	399	17.032	563
17.057	394	17.082	526
17.107	393	17.133	489
17.159	392	17.183	457
17.209	394	17.234	429
17.260	396	17.285	408
17.310	396	17.336	394
17.361	399	17.386	384
17.412	401	17.437	389
17.463	403	17.487	400
17.513	405	17.539	420
17.564	405	17.589	446
17.614	409	17.640	478
17.666	411	17.690	512
17.716	414	17.741	548
17.767	413	17.792	584
17.817	414	17.843	620
17.868	414	17.893	651
17.918	414	17.944	677
17.970	417	17.994	695
18.020	414	18.045	705
18.071	415	18.096	709
18.121	416	18.147	705
18.172	416	18.197	693
18.223	416	18.248	672
18.274	414	18.298	644
18.324	416	18.350	613
18.375	415	18.400	577
18.425	414	18.451	541
18.477	413	18.501	507
18.527	413	18.552	471
18.578	411	18.603	442
18.628	409	18.654	418
18.679	405	18.705	401
18.729	404	18.755	393
18.781	402	18.806	392
18.831	400	18.856	398
18.882	398	18.908	414
18.932	396	18.958	437
18.983	395	19.009	466
19.034	394	19.059	498
19.085	395	19.110	534
19.135	394	19.161	569
19.186	398	19.212	603
19.236	395	19.262	635
19.288	403	19.313	663
19.338	404	19.363	685
19.389	407	19.415	698
19.439	411	19.465	703
19.490	416	19.516	699
19.541	421	19.566	694
19.592	424	19.617	675
19.642	426	19.667	653
19.693	430	19.719	623
19.743	431	19.769	590
19.794	430	19.820	555
19.845	431	19.870	520
19.896	427	19.921	487
19.946	424	19.972	457
19.997	422	20.023	432
20.047	416	20.073	412
20.099	412	20.124	402
20.149	405	20.174	398
20.200	398	20.226	401
20.250	394	20.276	414
20.301	388	20.327	431
20.352	382	20.377	455
20.403	380	20.428	488
20.453	378	20.478	520
20.504	378	20.530	555
20.554	380	20.580	589
20.605	384	20.631	621
20.656	386	20.681	648
20.707	392	20.732	671
20.757	398	20.783	687
20.808	406	20.834	694
20.858	414	20.884	696
20.910	421	20.935	692
20.960	428	20.985	678
21.011	435	21.037	657
21.061	441	21.087	632
21.112	445	21.138	604
21.163	447	21.188	569
21.214	447	21.239	535
21.264	447	21.289	503
21.315	439	21.341	471
21.365	436	21.391	447
21.416	429	21.442	426
21.467	419	21.492	413
21.518	411	21.543	407
21.568	401	21.594	406
21.619	392	21.645	416
21.669	382	21.695	430
21.721	374	21.746	452
21.771	368	21.796	481
21.822	364	21.848	510
21.872	362	21.898	542
21.923	363	21.949	574
21.974	366	21.999	605
22.025	370	22.050	633
22.075	377	22.101	656
22.126	384	22.152	675
22.176	397	22.202	685
22.227	409	22.253	689
22.278	420	22.303	688
22.329	431	22.354	675
22.380	440	22.405	660
22.430	450	22.456	639
22.481	458	22.506	610
22.532	461	22.557	582
22.583	463	22.607	549
22.633	461	22.659	520
22.684	458	22.709	488
22.734	451	22.760	464
22.786	441	22.810	441
22.836	430	22.861	426
22.887	421	22.912	417
22.937	406	22.963	415
22.988	392	23.013	420
23.038	378	23.064	432
23.090	369	23.114	451
23.140	360	23.165	474
23.191	353	23.216	500
23.241	349	23.267	529
23.292	347	23.317	559
23.343	349	23.368	590
23.394	355	23.418	617
23.444	363	23.470	641
23.495	376	23.520	660
23.545	386	23.571	672
23.597	400	23.621	677
23.647	415	23.672	678
23.698	429	23.723	671
23.748	444	23.774	659
23.799	456	23.824	640
23.849	466	23.875	616
23.901	472	23.925	590
23.951	477	23.976	558
24.002	476	24.027	530
24.052	473	24.078	504
24.103	465	24.128	479
24.154	455	24.179	457
24.205	440	24.229	441
24.255	428	24.281	431
24.306	414	24.331	426
24.356	396	24.382	428
24.408	381	24.432	437
24.458	366	24.483	451
24.509	354	24.534	472
24.559	344	24.585	495
24.610	338	24.635	521
24.661	335	24.686	548
24.712	336	24.736	575
24.762	341	24.787	602
24.813	351	24.838	625
24.863	361	24.889	644
24.914	375	24.939	657
24.965	393	24.990	665
25.016	409	25.040	668
25.066	426	25.092	664
25.117	443	25.142	653
25.167	458	25.193	639
25.219	472	25.243	619
25.269	481	25.294	595
25.320	487	25.345	571
25.370	489	25.396	545
25.421	487	25.447	518
25.472	478	25.497	493
25.523	470	25.548	474
25.573	456	25.598	457
25.624	441	25.650	445
25.674	421	25.700	437
25.725	402	25.751	438
25.776	382	25.801	444
25.827	367	25.852	454
25.877	351	25.903	471
25.928	339	25.954	491
25.978	330	26.004	513
26.030	325	26.055	538
26.080	325	26.105	564
26.131	328	26.157	587
26.181	336	26.207	610
26.232	350	26.258	628
26.283	363	26.308	641
26.334	380	26.359	652
26.384	401	26.409	655
26.435	421	26.461	654
26.485	441	26.511	647
26.536	458	26.562	636
26.587	474	26.612	619
26.638	487	26.663	600
26.688	495	26.714	577
26.739	498	26.765	555
26.789	497	26.815	530
26.841	490	26.866	510
26.891	483	26.916	489
26.942	467	26.968	473
26.992	452	27.018	461
27.043	431	27.069	453
27.094	413	27.119	451
27.145	392	27.170	454
27.195	371	27.221	462
27.246	352	27.272	475
27.296	337	27.322	490
27.347	325	27.373	510
27.398	317	27.423	528
27.449	316	27.474	553
27.499	317	27.525	577
27.550	324	27.576	592
27.600	336	27.626	611
27.652	351	27.677	625
27.702	370	27.727	636
27.753	388	27.779	641
27.803	413	27.829	642
27.854	435	27.880	638
27.905	456	27.930	628
27.956	473	27.981	616
28.006	489	28.032	599
28.057	501	28.083	583
28.107	507	28.133	561
28.158	508	28.184	542
28.209	504	28.234	523
28.260	495	28.285	503
28.310	481	28.336	488
28.361	465	28.387	477
28.411	445	28.437	469
28.463	420	28.488	466
28.513	400	28.538	466
28.564	377	28.590	470
28.614	354	28.640	481
28.665	337	28.691	494
28.716	322	28.741	510
28.767	312	28.792	527
28.817	307	28.843	545
28.868	308	28.894	563
28.918	314	28.944	582
28.969	324	28.995	597
29.020	339	29.045	610
29.071	358	29.096	620
29.121	380	29.147	627
29.172	404	29.198	630
29.222	428	29.248	626
29.274	452	29.299	621
29.324	472	29.349	612
29.375	488	29.401	598
29.425	502	29.451	583
29.476	510	29.502	567
29.527	515	29.552	550
29.578	513	29.603	534
29.628	505	29.654	520
29.679	492	29.705	502
29.729	476	29.755	493
29.781	455	29.806	485
29.831	431	29.856	480
29.882	409	29.907	480
29.932	383	29.958	482
29.983	361	30.009	490
30.033	339	30.059	498
30.085	323	30.110	511
30.135	311	30.160	525
30.186	303	30.212	539
30.236	301	30.262	554
30.287	306	30.313	570
30.338	315	30.363	585
30.389	329	30.414	595
30.439	348	30.465	604
30.490	370	30.516	610
30.540	394	30.566	614
30.592	416	30.617	614
30.642	442	30.667	609
30.693	466	30.718	603
30.743	487	30.769	594
30.794	501	30.820	583
30.844	513	30.870	569
30.896	519	30.921	556
30.946	519	30.971	543
30.997	513	31.023	529
31.047	502	31.073	519
31.098	486	31.124	507
31.149	466	31.174	501
31.200	443	31.225	496
31.250	418	31.276	494
31.301	391	31.327	496
31.351	368	31.377	499
31.403	344	31.428	507
31.453	326	31.478	514
31.504	313	31.529	525
31.554	302	31.580	537
31.605	297	31.631	549
31.655	300	31.681	562
31.707	308	31.732	571
31.757	320	31.782	583
31.808	337	31.834	587
31.858	359	31.884	594
31.909	384	31.935	598
31.960	408	31.985	599
32.011	434	32.036	597
32.061	459	32.087	593
32.112	480	32.138	587
32.162	500	32.188	578
32.214	512	32.239	569
32.264	521	32.289	557
32.315	523	32.341	550
32.365	519	32.391	539
32.416	510	32.442	531
32.466	496	32.492	521
32.518	475	32.543	516
32.568	454	32.593	512
32.619	429	32.645	509
32.669	404	32.695	512
32.720	378	32.746	512
32.771	353	32.796	516
32.822	332	32.847	522
32.872	314	32.898	529
32.923	305	32.949	537
32.973	296	32.999	546
33.025	296	33.050	554
33.075	302	33.100	561
33.126	313	33.152	571
33.176	328	33.202	575
33.227	349	33.253	577
33.277	373	33.303	582
33.329	399	33.354	584
33.379	424	33.404	583
33.430	451	33.456	581
33.480	473	33.506	577
33.531	494	33.557	572
33.582	509	33.607	567
33.633	519	33.658	560
33.683	524	33.709	556
33.734	523	33.760	546
33.784	516	33.810	538
33.836	503	33.861	533
33.886	485	33.911	529
33.937	463	33.963	527
33.987	439	34.013	525
34.038	413	34.064	524
34.088	387	34.114	525
34.140	363	34.165	527
34.190	341	34.215	531
34.241	323	34.267	535
34.291	309	34.317	540
34.342	299	34.368	546
34.393	295	34.418	550
34.444	300	34.469	554
34.494	308	34.520	561
34.545	323	34.571	563
34.595	341	34.621	566
34.647	364	34.672	566
34.697	389	34.722	568
34.748	416	34.774	569
34.798	442	34.824	568
34.849	464	34.875	566
34.899	485	34.925	564
34.951	502	34.976	561
35.002	513	35.026	558
35.052	522	35.078	554
35.103	523	35.128	550
35.153	519	35.179	544
35.205	508	35.229	545
35.255	492	35.280	543
35.306	472	35.331	540
35.356	449	35.382	539
35.407	424	35.432	539
35.458	397	35.483	539
35.509	372	35.533	539
35.559	350	35.585	542
35.610	328	35.635	543
35.660	314	35.686	545
35.712	304	35.736	549
35.762	297	35.787	549
35.813	299	35.837	551
35.863	305	35.889	553
35.914	319	35.939	553
35.964	335	35.990	552
36.016	355	36.040	557
36.066	380	36.091	557
36.117	404	36.142	555
36.167	430	36.193	555
36.218	455	36.243	555
36.269	478	36.294	553
36.320	496	36.344	553
36.370	510	36.396	553
36.421	519	36.446	553
36.471	519	36.497	553
36.523	518	36.547	551
36.573	510	36.598	554
36.624	496	36.648	552
36.674	479	36.700	554
36.725	458	36.750	553
36.775	434	36.801	553
36.827	407	36.851	552
36.877	382	36.902	552
36.928	359	36.953	552
36.978	339	37.004	551
37.029	323	37.054	550
37.080	309	37.105	550
37.131	302	37.155	549
37.181	300	37.207	548
37.232	305	37.257	547
37.282	317	37.308	544
37.334	330	37.358	545
37.384	349	37.409	545
37.435	372	37.459	543
37.485	396	37.511	545
37.536	421	37.561	543
37.586	445	37.612	544
37.638	467	37.662	544
37.688	485	37.713	546
37.739	504	37.764	548
37.789	512	37.815	549
37.840	519	37.865	553
37.891	517	37.916	556
37.942	511	37.967	559
37.992	499	38.018	560
38.043	481	38.069	560
38.093	464	38.119	567
38.145	441	38.170	563
38.195	418	38.220	564
38.246	393	38.272	563
38.296	369	38.322	562
38.347	348	38.373	559
38.397	331	38.423	557
38.449	317	38.474	555
38.499	310	38.524	550
38.550	304	38.576	546
38.600	307	38.626	544
38.651	315	38.677	539
38.702	329	38.727	533
38.753	345	38.778	534
38.803	366	38.829	536
38.854	387	38.880	531
38.904	411	38.930	534
38.956	434	38.981	533
39.006	457	39.031	536
39.057	475	39.083	539
39.107	493	39.133	542
39.158	504	39.184	547
39.208	512	39.234	552
39.260	511	39.285	555
39.310	509	39.335	562
39.361	500	39.387	566
39.411	486	39.437	571
39.462	468	39.488	571
39.513	448	39.538	573
39.564	426	39.589	575
39.614	403	39.640	573
39.665	380	39.691	571
39.715	360	39.741	569
39.767	341	39.792	564
39.817	326	39.842	559
39.868	317	39.894	554
39.918	310	39.944	548
39.969	312	39.995	541
40.019	318	40.045	535
40.071	328	40.096	530
40.121	342	40.146	526
40.172	361	40.198	524
40.222	380	40.248	522
40.273	403	40.299	522
40.324	426	40.349	524
40.375	447	40.400	526
40.425	463	40.451	530
40.476	483	40.502	536
40.526	496	40.552	542
40.578	502	40.603	550
40.628	507	40.653	557
40.679	505	40.705	563
40.729	498	40.755	570
40.780	487	40.806	578
40.830	473	40.856	577
40.882	453	40.907	577
40.932	433	40.957	584
40.983	411	41.009	585
41.033	390	41.059	580
41.084	370	41.110	577
41.135	353	41.160	572
41.186	337	41.211	565
41.237	328	41.262	557
41.287	324	41.313	550
41.338	319	41.363	542
41.389	320	41.414	534
41.440	330	41.464	527
41.490	343	41.516	520
41.541	357	41.566	517
41.591	375	41.617	515
41.643	396	41.667	511
41.693	415	41.718	514
41.744	435	41.768	517
41.794	454	41.820	521
41.845	471	41.870	528
41.895	484	41.921	536
41.947	494	41.971	546
41.997	497	42.022	554
42.048	498	42.073	563
42.098	494	42.124	570
42.149	485	42.174	579
42.200	474	42.225	584
42.251	458	42.275	586
42.301	439	42.327	593
42.352	420	42.377	591
42.402	401	42.428	590
42.454	381	42.478	585
42.504	365	42.529	580
42.555	349	42.579	572
42.605	335	42.631	564
42.656	329	42.681	554
42.706	328	42.732	544
42.758	328	42.782	533
42.808	333	42.833	525
42.859	343	42.884	516
42.909	356	42.935	511
42.960	372	42.985	504
43.011	390	43.036	506
43.062	407	43.086	507
43.112	427	43.138	508
43.163	445	43.188	513
43.213	462	43.239	521
43.265	476	43.289	529
43.315	484	43.340	539
43.366	490	43.390	550
43.416	491	43.442	560
43.467	488	43.492	572
43.517	483	43.543	580
43.569	472	43.593	589
43.619	459	43.644	598
43.670	443	43.695	597
43.720	426	43.746	600
43.771	408	43.796	598
43.822	391	43.847	594
43.873	375	43.897	588
43.923	360	43.949	579
43.974	350	43.999	570
44.024	341	44.050	559
44.076	335	44.100	547
44.126	334	44.151	535
44.177	339	44.201	525
44.227	347	44.253	514
44.278	357	44.304	510
44.328	370	44.354	503
44.380	385	44.405	497
44.430	402	44.455	497
44.481	419	44.507	498
44.531	435	44.557	506
44.582	452	44.608	512
44.633	463	44.658	522
44.684	474	44.709	533
44.734	479	44.760	546
44.785	481	44.811	559
44.835	482	44.861	570
44.887	475	44.912	581
44.937	469	44.962	594
44.988	459	45.014	599
45.038	446	45.064	599
45.089	433	45.115	607
45.139	415	45.165	607
45.191	399	45.216	602
45.241	385	45.266	595
45.292	371	45.318	587
45.342	360	45.368	577
45.393	353	45.419	564
45.444	348	45.469	552
45.495	345	45.520	538
45.545	346	45.571	526
45.596	352	45.622	516
45.646	360	45.672	505
45.698	370	45.723	501
45.748	383	45.773	494
45.799	396	45.825	490
45.849	412	45.875	492
45.900	426	45.926	498
45.950	440	45.976	505
46.002	452	46.027	515
46.052	463	46.077	526
46.103	469	46.129	541
46.153	471	46.179	553
46.204	473	46.230	565
46.255	470	46.280	580
46.306	464	46.331	590
46.356	456	46.382	599
46.407	445	46.433	605
46.457	433	46.483	611
46.509	420	46.534	609
46.559	406	46.584	610
46.610	393	46.636	603
46.660	380	46.686	594
46.711	373	46.737	584
46.761	363	46.787	571
46.813	359	46.838	558
46.863	354	46.888	543
46.914	355	46.940	529
46.964	358	46.990	517
47.015	364	47.041	505
47.066	373	47.091	496
47.117	383	47.142	490
47.167	394	47.193	486
47.218	407	47.244	488
47.268	419	47.294	492
47.320	431	47.345	498
47.370	441	47.395	508
47.421	451	47.447	520
47.471	459	47.497	533
47.522	461	47.548	547
47.573	462	47.598	563
47.624	462	47.649	576
47.674	458	47.699	590
47.725	452	47.751	598
47.775	445	47.801	609
47.826	435	47.852	613
47.877	424	47.902	619
47.928	413	47.953	617
47.978	402	48.004	608
48.029	392	48.055	601
48.079	380	48.105	591
48.131	375	48.156	577
48.181	368	48.206	563
48.232	367	48.258	548
48.282	365	48.308	534
48.333	367	48.359	519
48.384	370	48.409	507
48.435	377	48.460	493
48.485	385	48.510	489
48.536	394	48.562	485
48.586	404	48.612	483
48.637	414	48.663	488
48.688	423	48.713	492
48.739	433	48.764	501
48.790	440	48.815	513
48.840	446	48.866	527
48.891	450	48.916	541
48.942	455	48.967	557
48.993	454	49.017	573
49.043	450	49.069	587
49.094	447	49.119	598
49.144	442	49.170	608
49.196	434	49.220	614
49.246	425	49.271	620
49.297	416	49.321	616
49.347	408	49.373	615
49.398	398	49.423	606
49.448	391	49.474	596
49.500	385	49.524	585
49.550	380	49.575	570
49.601	375	49.626	554
49.651	375	49.677	538
49.702	375	49.727	525
49.753	377	49.778	509
49.804	381	49.828	497
49.854	387	49.880	488
49.905	394	49.930	485
49.955	402	49.981	484
50.007	409	50.031	484
50.057	417	50.082	486
50.108	425	50.133	497
50.158	431	50.184	508
50.209	436	50.234	522
50.259	438	50.285	536
50.311	442	50.335	552
50.361	443	50.386	568
50.412	442	50.437	582
50.462	439	50.488	595
50.513	436	50.538	607
50.564	431	50.589	614
50.615	425	50.639	619
50.665	419	50.691	621
50.716	412	50.741	617
50.766	406	50.792	610
50.818	399	50.842	601
50.868	396	50.893	590
50.919	392	50.944	575
50.969	388	50.995	560
51.020	386	51.045	544
51.070	385	51.096	528
51.122	385	51.146	515
51.172	389	51.197	500
51.223	394	51.248	490
51.273	397	51.299	484
51.324	400	51.349	483
51.375	407	51.400	483
51.426	412	51.450	487
51.476	417	51.502	492
51.527	421	51.552	503
51.577	426	51.603	515
51.629	430	51.653	530
51.679	431	51.704	547
51.730	430	51.755	562
51.780	433	51.806	577
51.831	431	51.857	591
51.881	426	51.907	602
51.933	427	51.958	610
51.983	423	52.008	619
52.034	419	52.060	621
52.084	415	52.110	620
52.135	412	52.161	614
52.186	407	52.211	606
52.237	402	52.262	595
52.287	399	52.313	580
52.338	397	52.364	565
52.388	396	52.414	549
52.440	395	52.465	534
52.490	396	52.515	519
52.541	398	52.567	505
52.591	399	52.617	495
52.642	401	52.668	487
52.693	404	52.718	481
52.744	407	52.769	478
52.794	410	52.819	483
52.845	412	52.871	488
52.895	415	52.921	499
52.946	418	52.972	510
52.997	420	53.022	525
53.048	420	53.073	540
53.098	420	53.124	555
53.149	424	53.175	571
53.199	422	53.225	587
53.251	421	53.276	599
53.301	420	53.326	608
53.352	419	53.378	614
53.402	418	53.428	617
53.453	416	53.479	618
53.504	414	53.529	618
53.555	411	53.580	607
53.605	411	53.630	597
53.656	409	53.682	586
53.706	408	53.732	571
53.757	408	53.783	556
53.808	405	53.833	540
53.859	407	53.884	525
53.909	405	53.935	511
53.960	406	53.986	499
54.010	406	54.036	490
54.062	407	54.087	485
54.112	408	54.137	482
54.163	409	54.189	483
54.213	410	54.239	489
54.264	411	54.290	496
54.315	411	54.340	507
54.366	412	54.391	520
54.416	411	54.441	536
54.467	411	54.493	550
54.517	412	54.543	565
54.568	414	54.594	581
54.619	415	54.644	593
54.670	412	54.695	603
54.720	414	54.746	613
54.771	414	54.797	616
54.821	414	54.847	619
54.873	414	54.898	615
54.923	414	54.948	608
54.974	416	55.000	599
55.024	416	55.050	588
55.075	415	55.101	575
55.126	416	55.151	561
55.177	415	55.202	544
55.227	415	55.253	530
55.278	414	55.304	517
55.328	412	55.354	504
55.379	412	55.405	495
55.430	412	55.455	489
55.481	412	55.506	484
55.532	410	55.557	483
55.582	409	55.608	486
55.633	408	55.658	493
55.684	406	55.709	504
55.735	407	55.759	516
55.785	407	55.811	530
55.836	406	55.861	544
55.886	405	55.912	559
55.938	407	55.962	573
55.988	406	56.013	587
56.039	410	56.064	597
56.089	410	56.115	609
56.140	412	56.165	612
56.190	413	56.216	616
56.242	415	56.266	613
56.292	417	56.317	608
56.343	418	56.368	603
56.393	420	56.419	591
56.444	420	56.469	579
56.495	420	56.520	566
56.546	422	56.570	551
56.596	421	56.622	536
56.647	421	56.672	523
56.697	419	56.723	510
56.749	417	56.773	500
56.799	416	56.824	493
56.850	413	56.875	489
56.900	411	56.926	492
56.951	408	56.976	489
57.001	405	57.027	494
57.053	404	57.077	503
57.103	402	57.128	514
57.154	401	57.179	527
57.204	400	57.230	540
57.255	400	57.280	554
57.306	401	57.331	568
57.357	402	57.381	581
57.407	405	57.433	593
57.458	405	57.483	601
57.508	409	57.534	607
57.560	411	57.584	612
57.610	414	57.635	610
57.661	417	57.686	607
57.711	421	57.737	601
57.762	423	57.787	590
57.813	425	57.838	582
57.864	427	57.888	570
57.914	425	57.939	555
57.965	427	57.990	542
58.015	425	58.041	529
58.066	424	58.091	517
58.117	421	58.142	506
58.168	419	58.192	500
58.218	416	58.244	493
58.269	413	58.294	491
58.319	408	58.345	493
58.371	405	58.395	494
58.421	403	58.446	503
58.472	399	58.497	514
58.522	396	58.548	522
58.573	397	58.599	535
58.624	396	58.649	550
58.675	395	58.700	563
58.725	398	58.750	575
58.776	399	58.802	586
58.826	402	58.852	596
58.877	405	58.903	601
58.928	408	58.953	606
58.979	413	59.004	608
59.029	417	59.055	607
59.080	422	59.106	601
59.130	424	59.156	593
59.182	429	59.207	583
59.232	431	59.257	573
59.283	433	59.309	560
59.333	432	59.359	547
59.384	432	59.410	534
59.435	432	59.460	523
59.486	426	59.511	513
59.536	422	59.561	504
59.587	419	59.613	498
59.637	415	59.663	496
59.688	410	59.714	496
59.739	405	59.764	498
59.790	401	59.815	503
59.840	397	59.866	512
59.891	394	59.917	521
59.941	392	59.967	533
59.993	391	60.018	545
60.043	390	60.068	558
60.094	391	60.120	569
60.144	395	60.170	580
60.195	395	60.221	589
60.246	401	60.271	595
60.297	407	60.322	600
60.347	411	60.373	603
60.398	416	60.424	602
60.448	422	60.474	599
60.499	427	60.525	593
60.550	431	60.575	583
60.601	434	60.626	574
60.651	436	60.677	563
60.702	439	60.728	551
60.752	436	60.778	541
60.804	436	60.829	529
60.854	433	60.879	519
60.905	426	60.931	511
60.955	423	60.981	506
61.006	418	61.032	503
61.057	413	61.082	500
61.108	406	61.133	499
61.158	401	61.184	504
61.209	396	61.235	510
61.259	391	61.285	522
61.310	389	61.336	531
61.361	387	61.386	541
61.412	385	61.437	552
61.462	387	61.488	563
61.513	388	61.539	574
61.563	393	61.589	584
61.615	397	61.640	590
61.665	401	61.690	594
61.716	408	61.742	597
61.766	414	61.792	595
61.817	421	61.843	593
61.868	426	61.893	588
61.919	432	61.944	582
61.969	436	61.995	575
62.020	440	62.046	565
62.070	439	62.096	555
62.121	442	62.147	544
62.172	440	62.197	534
62.223	436	62.248	524
62.273	433	62.299	517
62.324	427	62.350	510
62.374	423	62.400	507
62.426	415	62.451	505
62.476	408	62.501	508
62.527	402	62.553	509
62.577	396	62.603	515
62.628	391	62.654	520
62.679	386	62.704	529
62.730	384	62.755	538
62.780	384	62.806	549
62.831	383	62.857	558
62.881	385	62.907	568
62.933	388	62.958	577
62.983	391	63.008	584
63.034	399	63.059	588
63.084	405	63.110	594
63.135	412	63.161	591
63.185	419	63.211	589
63.237	427	63.262	587
63.287	432	63.312	580
63.338	437	63.364	574
63.388	441	63.414	566
63.439	446	63.465	557
63.490	445	63.515	548
63.541	443	63.566	539
63.591	439	63.617	531
63.642	437	63.668	523
63.692	433	63.718	518
63.744	425	63.769	513
63.794	418	63.819	510
63.845	412	63.870	513
63.895	404	63.921	512
63.946	396	63.972	517
63.996	391	64.022	523
64.048	385	64.073	528
64.098	382	64.123	538
64.149	379	64.175	546
64.199	382	64.225	555
64.250	380	64.276	562
64.301	385	64.326	571
64.352	389	64.377	578
64.402	397	64.428	582
64.453	403	64.479	585
64.503	409	64.529	585
64.555	419	64.580	587
64.605	425	64.630	582
64.656	432	64.681	577
64.706	437	64.732	571
64.757	442	64.783	566
64.807	446	64.833	559
64.859	446	64.884	550
64.909	447	64.934	543
64.960	445	64.986	536
65.010	440	65.036	529
65.061	438	65.087	524
65.112	428	65.137	519
65.163	422	65.188	517
65.213	414	65.239	518
65.264	406	65.290	517
65.314	398	65.340	520
65.366	391	65.391	520
65.416	386	65.441	531
65.467	381	65.493	537
65.517	380	65.543	544
65.568	378	65.594	552
65.618	378	65.644	558
65.670	381	65.695	565
65.720	386	65.745	571
65.771	392	65.797	575
65.821	399	65.847	579
65.872	407	65.898	580
65.923	415	65.948	578
65.974	423	65.999	578
66.024	431	66.050	574
66.075	438	66.101	571
66.125	442	66.151	565
66.177	447	66.202	559
66.227	449	66.252	552
66.278	449	66.304	546
66.328	445	66.354	541
66.379	444	66.405	534
66.429	438	66.455	529
66.481	434	66.506	526
66.531	425	66.556	522
66.582	417	66.608	521
66.632	410	66.658	523
66.683	400	66.709	525
66.734	393	66.759	529
66.785	386	66.810	531
66.835	381	66.861	538
66.886	379	66.912	545
66.936	377	66.962	550
66.988	378	67.013	555
67.038	380	67.063	561
67.089	380	67.115	566
67.139	389	67.165	571
67.190	396	67.216	573
67.240	403	67.266	575
67.292	412	67.317	578
67.342	421	67.367	574
67.393	429	67.419	569
67.443	436	67.469	568
67.494	443	67.520	564
67.546	447	67.570	559
67.596	450	67.621	554
67.647	450	67.672	549
67.697	449	67.723	543
67.748	446	67.773	540
67.799	444	67.824	534
67.850	436	67.874	533
67.900	428	67.926	529
67.951	420	67.976	526
68.001	411	68.027	528
68.053	403	68.077	533
68.103	394	68.128	530
68.154	389	68.178	536
68.204	383	68.230	538
68.255	379	68.280	543
68.305	376	68.331	548
68.357	375	68.381	553
68.407	375	68.432	558
68.458	383	68.483	561
68.508	387	68.534	564
68.559	394	68.584	567
68.610	401	68.635	569
68.661	410	68.685	571
68.711	418	68.737	567
68.762	426	68.787	566
68.812	434	68.838	564
68.864	440	68.888	563
68.914	446	68.939	558
68.965	449	68.989	554
69.015	452	69.041	550
69.066	449	69.091	545
69.116	448	69.142	542
69.168	444	69.192	539
69.218	439	69.243	537
69.269	431	69.294	535
69.319	423	69.345	535
69.370	415	69.395	535
69.421	406	69.446	532
69.472	399	69.496	538
69.522	391	69.548	539
69.573	384	69.598	540
69.623	379	69.649	544
69.675	377	69.699	548
69.725	375	69.750	552
69.776	377	69.800	555
69.826	381	69.852	558
69.877	382	69.902	558
69.927	392	69.953	562
69.979	399	70.003	562
70.029	407	70.054	564
70.080	415	70.105	563
70.130	424	70.156	560
70.181	432	70.206	559
70.232	439	70.257	560
70.283	444	70.307	556
70.333	447	70.359	553
70.384	447	70.409	550
70.434	450	70.460	548
70.486	449	70.510	545
70.536	445	70.561	543
70.587	440	70.611	541
70.637	434	70.663	541
70.688	426	70.714	539
70.738	418	70.764	538
70.790	410	70.815	539
70.840	401	70.865	541
70.891	393	70.917	541
70.941	387	70.967	545
70.992	383	71.018	547
71.043	378	71.068	550
71.094	377	71.119	551
71.144	378	71.170	552
71.195	380	71.221	554
71.245	383	71.271	556
71.297	390	71.322	556
71.347	396	71.372	559
71.398	404	71.424	558
71.448	412	71.474	555
71.499	420	71.525	557
71.549	429	71.575	555
71.601	437	71.626	554
71.651	441	71.676	553
71.702	446	71.728	549
71.752	449	71.778	549
71.803	450	71.829	550
71.854	450	71.879	547
71.905	447	71.930	545
71.955	441	71.981	545
72.006	436	72.032	545
72.056	428	72.082	545
72.108	420	72.133	545
72.158	412	72.183	544
72.209	403	72.235	545
72.259	395	72.285	545
72.310	390	72.336	547
72.360	386	72.386	547
72.412	380	72.437	549
72.462	380	72.487	550
72.513	379	72.539	551
72.563	381	72.589	552
72.614	386	72.640	552
72.665	388	72.690	554
72.716	394	72.741	552
72.766	402	72.792	552
72.817	410	72.843	550
72.867	418	72.893	553
72.919	426	72.944	552
72.969	432	72.994	549
73.020	440	73.046	553
73.070	444	73.096	550
73.121	447	73.147	549
73.171	450	73.197	549
73.223	447	73.248	549
73.273	446	73.298	548
73.324	443	73.350	546
73.374	437	73.400	548
73.425	429	73.451	549
73.476	423	73.501	549
73.527	415	73.552	549
73.577	407	73.603	549
73.628	400	73.654	549
73.678	393	73.704	550
73.730	388	73.755	550
73.780	383	73.805	551
73.831	383	73.857	551
73.881	380	73.907	550
73.932	379	73.958	550
73.982	386	74.008	550
74.034	389	74.059	546
74.084	394	74.109	548
74.135	400	74.161	550
74.185	407	74.211	548
74.236	415	74.262	549
74.287	422	74.312	549
74.338	430	74.363	547
74.389	437	74.414	549
74.439	442	74.465	546
74.490	444	74.515	550
74.541	446	74.566	549
74.592	447	74.616	551
74.642	445	74.668	551
74.693	441	74.718	551
74.743	436	74.769	552
74.795	431	74.819	549
74.845	425	74.870	553
74.896	417	74.920	553
74.946	410	74.972	552
74.997	404	75.022	550
75.047	397	75.073	553
75.099	391	75.123	552
75.149	386	75.174	551
75.200	383	75.225	552
75.250	382	75.276	550
75.301	383	75.326	551
75.352	384	75.377	548
75.403	387	75.427	546
75.453	394	75.479	543
75.504	400	75.529	546
75.554	406	75.580	546
75.606	414	75.630	544
75.656	420	75.681	544
75.707	427	75.731	544
75.757	433	75.783	546
75.808	438	75.833	546
75.858	441	75.884	548
75.910	444	75.934	550
75.960	447	75.985	550
76.011	443	76.036	552
76.061	442	76.087	551
76.112	437	76.137	554
76.163	431	76.188	555
76.214	426	76.238	556
76.264	419	76.290	556
76.315	412	76.340	560
76.365	406	76.391	554
76.417	400	76.441	553
76.467	395	76.492	555
76.518	390	76.542	552
76.568	389	76.594	551
76.619	385	76.644	549
76.669	387	76.695	548
76.721	386	76.745	547
76.771	388	76.796	546
76.822	396	76.847	544
76.872	399	76.898	543
76.923	405	76.948	541
76.974	412	76.999	542
77.025	418	77.049	543
77.075	425	77.101	542
77.126	430	77.151	545
77.176	434	77.202	542
77.228	438	77.252	547
77.278	438	77.303	547
77.329	439	77.353	551
77.379	439	77.405	553
77.430	440	77.456	554
77.480	435	77.506	555
77.532	430	77.557	554
77.582	426	77.607	559
77.633	421	77.659	558
77.683	416	77.709	558
77.734	409	77.760	558
77.785	402	77.810	557
77.836	398	77.861	554
77.886	394	77.912	554
77.937	391	77.963	553
77.987	387	78.013	550
78.039	389	78.064	548
78.089	389	78.114	546
78.140	391	78.166	545
78.190	395	78.216	541
78.241	399	78.267	541
78.291	404	78.317	539
78.343	410	78.368	541
78.393	415	78.418	541
78.444	420	78.470	538
78.494	426	78.520	541
78.545	431	78.571	545
78.596	435	78.621	547
78.647	437	78.672	548
78.697	438	78.723	552
78.748	437	78.774	553
78.798	437	78.824	555
78.850	433	78.875	556
78.900	430	78.925	558
78.951	427	78.977	560
79.001	421	79.027	561
79.052	417	79.078	561
79.102	410	79.128	558
79.154	406	79.179	558
79.204	401	79.229	557
79.255	399	79.281	555
79.305	395	79.331	553
79.356	393	79.382	549
79.407	392	79.432	547
79.458	391	79.483	546
79.508	394	79.534	543
79.559	398	79.585	542
79.609	398	79.635	539
79.661	404	79.686	539
79.711	409	79.736	539
79.762	414	79.788	541
79.812	418	79.838	540
79.863	423	79.889	543
79.913	428	79.939	542
79.965	430	79.990	545
80.015	433	80.040	548
80.066	435	80.092	550
80.116	434	80.142	553
80.167	434	80.193	556
80.218	435	80.243	558
80.269	430	80.294	559
80.319	427	80.345	561
80.370	423	80.396	561
80.420	418	80.446	560
80.472	413	80.497	563
80.522	408	80.547	559
80.573	404	80.599	559
80.623	401	80.649	556
80.674	398	80.700	554
80.725	396	80.750	551
80.776	395	80.801	547
80.826	396	80.851	545
80.877	395	80.903	543
80.927	398	80.953	540
80.978	402	81.004	541
81.029	404	81.054	535
81.080	408	81.105	537
81.130	412	81.156	539
81.181	415	81.207	535
81.231	421	81.257	541
81.283	424	81.308	541
81.333	428	81.358	545
81.384	431	81.410	547
81.434	431	81.460	549
81.485	432	81.511	553
81.536	432	81.561	556
81.587	429	81.612	557
81.637	427	81.662	561
81.688	426	81.714	561
81.738	424	81.764	563
81.789	419	81.815	562
81.840	415	81.865	566
81.891	411	81.916	560
81.942	408	81.967	560
81.992	405	82.018	554
82.043	400	82.068	554
82.094	400	82.119	552
82.145	398	82.169	548
82.195	400	82.221	546
82.246	401	82.271	543
82.296	400	82.322	540
82.348	404	82.372	538
82.398	405	82.423	537
82.449	408	82.473	537
82.499	412	82.525	537
82.550	415	82.575	542
82.600	419	82.626	541
82.652	421	82.676	541
82.702	425	82.727	543
82.753	427	82.778	547
82.803	428	82.829	550
82.854	427	82.879	553
82.905	429	82.930	555
82.956	428	82.980	558
83.006	428	83.032	560
83.057	424	83.082	562
83.107	421	83.133	563
83.159	420	83.183	566
83.209	416	83.234	564
83.260	413	83.285	562
83.310	410	83.336	560
83.361	408	83.386	554
83.411	405	83.437	558
83.463	403	83.487	552
83.513	403	83.538	548
83.564	402	83.589	546
83.614	401	83.640	544
83.665	402	83.690	540
83.716	405	83.741	538
83.767	408	83.791	537
83.817	409	83.843	536
83.868	411	83.893	536
83.918	414	83.944	536
83.970	417	83.994	538
84.020	420	84.045	539
84.071	421	84.096	547
84.121	423	84.147	545
84.172	425	84.197	549
84.222	425	84.248	551
84.274	425	84.298	555
84.324	426	84.349	558
84.375	426	84.400	562
84.425	423	84.451	562
84.476	421	84.501	563
84.527	420	84.552	563
84.578	417	84.602	562
84.628	415	84.654	565
84.679	411	84.704	558
84.729	410	84.755	560
84.781	410	84.805	556
84.831	407	84.856	552
84.882	407	84.907	550
84.932	405	84.958	546
84.983	403	85.009	544
85.033	405	85.059	541
85.085	406	85.110	538
85.135	409	85.160	537
85.186	409	85.212	535
85.236	409	85.262	536
85.287	413	85.313	536
85.338	415	85.363	538
85.389	417	85.414	539
85.439	419	85.465	543
85.490	420	85.516	546
85.540	421	85.566	549
85.592	422	85.617	551
85.642	422	85.667	554
85.693	423	85.719	557
85.743	421	85.769	560
85.794	421	85.820	560
85.845	420	85.870	562
85.896	420	85.921	564
85.946	419	85.971	563
85.997	416	86.023	563
86.047	414	86.073	560
86.098	414	86.124	560
86.149	411	86.174	556
86.200	410	86.225	552
86.250	409	86.276	549
86.301	409	86.327	547
86.351	409	86.377	544
86.403	411	86.428	542
86.453	408	86.478	539
86.504	410	86.530	540
86.554	410	86.580	537
86.605	412	86.631	536
86.656	414	86.681	536
86.707	415	86.732	537
86.757	416	86.782	541
86.808	417	86.834	543
86.858	420	86.884	546
86.909	419	86.935	547
86.960	418	86.985	551
87.011	419	87.036	555
87.061	422	87.087	556
87.112	420	87.138	560
87.162	417	87.188	560
87.214	418	87.239	562
87.264	417	87.289	562
87.315	415	87.341	563
87.365	416	87.391	562
87.416	415	87.442	560
87.467	414	87.492	557
87.518	414	87.543	556
87.568	413	87.593	556
87.619	412	87.645	549
87.669	412	87.695	547
87.720	412	87.746	544
87.771	412	87.796	542
87.822	412	87.847	540
87.872	412	87.898	538
87.923	415	87.949	537
87.973	414	87.999	537
88.025	414	88.050	538
88.075	414	88.100	539
88.126	415	88.152	541
88.176	417	88.202	542
88.227	416	88.253	543
88.278	416	88.303	550
88.329	416	88.354	548
88.379	416	88.405	554
88.430	417	88.456	556
88.480	416	88.506	558
88.531	416	88.557	559
88.582	413	88.607	561
88.633	417	88.658	561
88.684	417	88.709	562
88.734	417	88.760	561
88.785	416	88.810	560
88.836	415	88.861	560
88.887	415	88.911	556
88.937	415	88.963	553
88.988	415	89.013	552
89.038	414	89.064	547
89.090	415	89.114	546
89.140	414	89.165	542
89.191	415	89.216	541
89.241	416	89.267	541
89.292	415	89.317	538
89.342	413	89.368	538
89.394	417	89.418	539
89.444	414	89.469	540
89.495	414	89.520	540
89.545	415	89.571	543
89.596	415	89.621	547
89.647	415	89.672	547
89.698	415	89.722	549
89.748	415	89.774	555
89.799	415	89.824	553
89.849	416	89.875	557
89.901	413	89.925	559
89.951	416	89.976	561
90.002	415	90.027	560
90.052	416	90.078	560
90.103	416	90.128	559
90.153	416	90.179	560
90.205	416	90.229	558
90.255	416	90.280	554
90.306	416	90.331	553
90.356	416	90.382	552
90.407	416	90.432	550
90.458	415	90.483	547
90.509	416	90.533	544
90.559	415	90.585	542
90.610	415	90.635	540
90.660	415	90.686	539
90.712	416	90.736	538
90.762	416	90.787	540
90.813	413	90.838	540
90.863	416	90.889	541
90.914	415	90.939	544
90.965	415	90.990	545
91.016	415	91.040	550
91.066	415	91.091	549
91.117	415	91.142	553
91.167	415	91.193	554
91.218	416	91.243	556
91.269	416	91.294	558
91.320	416	91.344	559
91.370	415	91.396	560
91.421	416	91.446	559
91.471	416	91.497	560
91.523	416	91.547	558
91.573	415	91.598	558
91.624	417	91.649	555
91.674	415	91.700	553
91.725	416	91.751	549
91.776	416	91.801	548
91.827	416	91.852	545
91.877	415	91.902	544
91.928	416	91.954	543
91.978	417	92.004	541
92.029	415	92.055	541
